trial_id,reward,timestamp,checkpoint_dir_name,done,training_iteration,date,time_this_iter_s,time_total_s,pid,hostname,node_ip,time_since_restore,iterations_since_restore,experiment_tag,config/exp_name,config/seed,config/torch_deterministic,config/cuda,config/track,config/wandb_project_name,config/wandb_entity,config/capture_video,config/env_id,config/total_timesteps,config/num_updates,config/buffer_size,config/update_epochs,config/update_policy_epochs,config/num_rollouts,config/num_envs,config/gamma,config/policy_lr_start,config/q_lr_start,config/q_lr_end,config/policy_lr_end,config/alpha,config/eta,config/beta,config/autotune,config/target_entropy_scale,config/use_linear_schedule,config/anneal_lr,config/saddle_point_optimization,config/use_kl_loss,config/__trial_index__
0d7eab3d,-1000.0,1712614429,,True,6,2024-04-09_00-13-49,0.7621541023254395,5.907216310501099,29316,Nicolass-iMac.technicolor.net,127.0.0.1,5.907216310501099,6,"1_trial_index=0,alpha=6,anneal_lr=True,autotune=True,beta=0.0100,buffer_size=10000,capture_video=False,cuda=True,env_id=LunarLander-v2,eta=None,exp_name=QREPS,gamma=0.9900,num_envs=1,num_rollouts=6,num_updates=100,policy_lr_end=0,policy_lr_start=0.0200,q_lr_end=0,q_lr_start=0.0200,saddle_point_optimization=True,seed=1,target_entropy_scale=0.2000,torch_deterministic=True,total_timesteps=1000,track=False,update_epochs=50,update_policy_epochs=50,use_kl_loss=True,use_linear_schedule=False,wandb_entity=TFG,wandb_project_name=QREPS_CartPole-v1",QREPS,1,True,True,False,QREPS_CartPole-v1,TFG,False,LunarLander-v2,1000,100,10000,50,50,6,1,0.99,0.02,0.02,0,0,6,,0.01,True,0.2,False,True,True,True,0
d5ee0b2d,-103.10377922494786,1712615076,,True,100,2024-04-09_00-24-36,4.543682813644409,649.7498552799225,29323,Nicolass-iMac.technicolor.net,127.0.0.1,649.7498552799225,100,"2_trial_index=0,alpha=4,anneal_lr=False,autotune=False,beta=0.0020,buffer_size=10000,capture_video=False,cuda=True,env_id=LunarLander-v2,eta=None,exp_name=QREPS,gamma=0.9900,num_envs=1,num_rollouts=6,num_updates=100,policy_lr_end=0,policy_lr_start=0.0025,q_lr_end=0,q_lr_start=0.0200,saddle_point_optimization=False,seed=1,target_entropy_scale=0.8900,torch_deterministic=True,total_timesteps=1000,track=False,update_epochs=300,update_policy_epochs=300,use_kl_loss=False,use_linear_schedule=False,wandb_entity=TFG,wandb_project_name=QREPS_CartPole-v1",QREPS,1,True,True,False,QREPS_CartPole-v1,TFG,False,LunarLander-v2,1000,100,10000,300,300,6,1,0.99,0.0025,0.02,0,0,4,,0.002,False,0.89,False,False,False,False,0
1b27e8c0,-1000.0,1712614552,,True,26,2024-04-09_00-15-52,1.9740018844604492,124.41967010498047,29328,Nicolass-iMac.technicolor.net,127.0.0.1,124.41967010498047,26,"3_trial_index=0,alpha=2,anneal_lr=False,autotune=False,beta=0.0100,buffer_size=10000,capture_video=False,cuda=True,env_id=LunarLander-v2,eta=None,exp_name=QREPS,gamma=0.9900,num_envs=1,num_rollouts=4,num_updates=100,policy_lr_end=0,policy_lr_start=0.0200,q_lr_end=0,q_lr_start=0.1000,saddle_point_optimization=False,seed=1,target_entropy_scale=0.5000,torch_deterministic=True,total_timesteps=1000,track=False,update_epochs=100,update_policy_epochs=300,use_kl_loss=False,use_linear_schedule=False,wandb_entity=TFG,wandb_project_name=QREPS_CartPole-v1",QREPS,1,True,True,False,QREPS_CartPole-v1,TFG,False,LunarLander-v2,1000,100,10000,100,300,4,1,0.99,0.02,0.1,0,0,2,,0.01,False,0.5,False,False,False,False,0
92fa1d6b,-238.73806405345053,1712614931,,True,100,2024-04-09_00-22-11,3.5654847621917725,500.55066752433777,29330,Nicolass-iMac.technicolor.net,127.0.0.1,500.55066752433777,100,"4_trial_index=0,alpha=8,anneal_lr=True,autotune=True,beta=0.0020,buffer_size=10000,capture_video=False,cuda=True,env_id=LunarLander-v2,eta=None,exp_name=QREPS,gamma=0.9900,num_envs=1,num_rollouts=8,num_updates=100,policy_lr_end=0,policy_lr_start=0.0025,q_lr_end=0,q_lr_start=0.0025,saddle_point_optimization=True,seed=1,target_entropy_scale=0.3500,torch_deterministic=True,total_timesteps=1000,track=False,update_epochs=5,update_policy_epochs=450,use_kl_loss=True,use_linear_schedule=False,wandb_entity=TFG,wandb_project_name=QREPS_CartPole-v1",QREPS,1,True,True,False,QREPS_CartPole-v1,TFG,False,LunarLander-v2,1000,100,10000,5,450,8,1,0.99,0.0025,0.0025,0,0,8,,0.002,True,0.35,False,True,True,True,0
00714d54,-533.2568803804148,1712614772,,True,100,2024-04-09_00-19-32,3.285842180252075,338.7652060985565,29332,Nicolass-iMac.technicolor.net,127.0.0.1,338.7652060985565,100,"5_trial_index=0,alpha=6,anneal_lr=False,autotune=False,beta=0.0100,buffer_size=10000,capture_video=False,cuda=True,env_id=LunarLander-v2,eta=None,exp_name=QREPS,gamma=0.9900,num_envs=1,num_rollouts=6,num_updates=100,policy_lr_end=0,policy_lr_start=0.0025,q_lr_end=0,q_lr_start=0.0025,saddle_point_optimization=False,seed=1,target_entropy_scale=0.5000,torch_deterministic=True,total_timesteps=1000,track=False,update_epochs=5,update_policy_epochs=300,use_kl_loss=True,use_linear_schedule=False,wandb_entity=TFG,wandb_project_name=QREPS_CartPole-v1",QREPS,1,True,True,False,QREPS_CartPole-v1,TFG,False,LunarLander-v2,1000,100,10000,5,300,6,1,0.99,0.0025,0.0025,0,0,6,,0.01,False,0.5,False,False,False,True,0
ed4b29c7,-1000.0,1712614445,,True,2,2024-04-09_00-14-05,1.6493639945983887,9.713056087493896,29336,Nicolass-iMac.technicolor.net,127.0.0.1,9.713056087493896,2,"6_trial_index=0,alpha=4,anneal_lr=True,autotune=True,beta=0.0020,buffer_size=10000,capture_video=False,cuda=True,env_id=LunarLander-v2,eta=None,exp_name=QREPS,gamma=0.9900,num_envs=1,num_rollouts=6,num_updates=100,policy_lr_end=0,policy_lr_start=0.0200,q_lr_end=0,q_lr_start=0.1000,saddle_point_optimization=True,seed=1,target_entropy_scale=0.3500,torch_deterministic=True,total_timesteps=1000,track=False,update_epochs=100,update_policy_epochs=450,use_kl_loss=False,use_linear_schedule=False,wandb_entity=TFG,wandb_project_name=QREPS_CartPole-v1",QREPS,1,True,True,False,QREPS_CartPole-v1,TFG,False,LunarLander-v2,1000,100,10000,100,450,6,1,0.99,0.02,0.1,0,0,4,,0.002,True,0.35,False,True,True,False,0
f8f9cc0a,-1000.0,1712614807,,True,27,2024-04-09_00-20-07,0.5206842422485352,368.82701444625854,29340,Nicolass-iMac.technicolor.net,127.0.0.1,368.82701444625854,27,"7_trial_index=0,alpha=4,anneal_lr=True,autotune=True,beta=0.1000,buffer_size=10000,capture_video=False,cuda=True,env_id=LunarLander-v2,eta=None,exp_name=QREPS,gamma=0.9900,num_envs=1,num_rollouts=8,num_updates=100,policy_lr_end=0,policy_lr_start=0.0025,q_lr_end=0,q_lr_start=0.0200,saddle_point_optimization=True,seed=1,target_entropy_scale=0.2000,torch_deterministic=True,total_timesteps=1000,track=False,update_epochs=300,update_policy_epochs=50,use_kl_loss=False,use_linear_schedule=False,wandb_entity=TFG,wandb_project_name=QREPS_CartPole-v1",QREPS,1,True,True,False,QREPS_CartPole-v1,TFG,False,LunarLander-v2,1000,100,10000,300,50,8,1,0.99,0.0025,0.02,0,0,4,,0.1,True,0.2,False,True,True,False,0
89ea6af2,-571.0444530928636,1712614692,,True,100,2024-04-09_00-18-12,2.185739040374756,249.40621781349182,29352,Nicolass-iMac.technicolor.net,127.0.0.1,249.40621781349182,100,"8_trial_index=0,alpha=8,anneal_lr=False,autotune=False,beta=0.0000,buffer_size=10000,capture_video=False,cuda=True,env_id=LunarLander-v2,eta=None,exp_name=QREPS,gamma=0.9900,num_envs=1,num_rollouts=4,num_updates=100,policy_lr_end=0,policy_lr_start=0.0200,q_lr_end=0,q_lr_start=0.0200,saddle_point_optimization=False,seed=1,target_entropy_scale=0.5000,torch_deterministic=True,total_timesteps=1000,track=False,update_epochs=50,update_policy_epochs=300,use_kl_loss=True,use_linear_schedule=False,wandb_entity=TFG,wandb_project_name=QREPS_CartPole-v1",QREPS,1,True,True,False,QREPS_CartPole-v1,TFG,False,LunarLander-v2,1000,100,10000,50,300,4,1,0.99,0.02,0.02,0,0,8,,4e-05,False,0.5,False,False,False,True,0
fd70c4f7,-597.3680417019806,1712614831,,True,100,2024-04-09_00-20-31,2.1738500595092773,385.4081587791443,29360,Nicolass-iMac.technicolor.net,127.0.0.1,385.4081587791443,100,"9_trial_index=0,alpha=6,anneal_lr=True,autotune=False,beta=0.0100,buffer_size=10000,capture_video=False,cuda=True,env_id=LunarLander-v2,eta=None,exp_name=QREPS,gamma=0.9900,num_envs=1,num_rollouts=8,num_updates=100,policy_lr_end=0,policy_lr_start=0.0200,q_lr_end=0,q_lr_start=0.0200,saddle_point_optimization=False,seed=1,target_entropy_scale=0.5000,torch_deterministic=True,total_timesteps=1000,track=False,update_epochs=50,update_policy_epochs=300,use_kl_loss=True,use_linear_schedule=False,wandb_entity=TFG,wandb_project_name=QREPS_CartPole-v1",QREPS,1,True,True,False,QREPS_CartPole-v1,TFG,False,LunarLander-v2,1000,100,10000,50,300,8,1,0.99,0.02,0.02,0,0,6,,0.01,False,0.5,False,True,False,True,0
1f297c95,-529.0133179401216,1712615642,,True,100,2024-04-09_00-34-02,4.843914985656738,562.6386675834656,30212,Nicolass-iMac.technicolor.net,127.0.0.1,562.6386675834656,100,"10_trial_index=0,alpha=2,anneal_lr=False,autotune=True,beta=0.0020,buffer_size=10000,capture_video=False,cuda=True,env_id=LunarLander-v2,eta=None,exp_name=QREPS,gamma=0.9900,num_envs=1,num_rollouts=4,num_updates=100,policy_lr_end=0,policy_lr_start=0.0025,q_lr_end=0,q_lr_start=0.0200,saddle_point_optimization=True,seed=1,target_entropy_scale=0.3500,torch_deterministic=True,total_timesteps=1000,track=False,update_epochs=100,update_policy_epochs=450,use_kl_loss=False,use_linear_schedule=False,wandb_entity=TFG,wandb_project_name=QREPS_CartPole-v1",QREPS,1,True,True,False,QREPS_CartPole-v1,TFG,False,LunarLander-v2,1000,100,10000,100,450,4,1,0.99,0.0025,0.02,0,0,2,,0.002,True,0.35,False,False,True,False,0
c409c573,-136.29165626826463,1712615331,,True,100,2024-04-09_00-28-51,2.6101980209350586,249.3814537525177,30214,Nicolass-iMac.technicolor.net,127.0.0.1,249.3814537525177,100,"11_trial_index=0,alpha=4,anneal_lr=False,autotune=True,beta=0.1000,buffer_size=10000,capture_video=False,cuda=True,env_id=LunarLander-v2,eta=None,exp_name=QREPS,gamma=0.9900,num_envs=1,num_rollouts=6,num_updates=100,policy_lr_end=0,policy_lr_start=0.0200,q_lr_end=0,q_lr_start=0.0025,saddle_point_optimization=True,seed=1,target_entropy_scale=0.3500,torch_deterministic=True,total_timesteps=1000,track=False,update_epochs=100,update_policy_epochs=50,use_kl_loss=False,use_linear_schedule=False,wandb_entity=TFG,wandb_project_name=QREPS_CartPole-v1",QREPS,1,True,True,False,QREPS_CartPole-v1,TFG,False,LunarLander-v2,1000,100,10000,100,50,6,1,0.99,0.02,0.0025,0,0,4,,0.1,True,0.35,False,False,True,False,0
b9f8b6c5,-106.34572578558486,1712615382,,True,100,2024-04-09_00-29-42,2.618039846420288,298.4908618927002,30215,Nicolass-iMac.technicolor.net,127.0.0.1,298.4908618927002,100,"12_trial_index=0,alpha=6,anneal_lr=True,autotune=False,beta=0.0000,buffer_size=10000,capture_video=False,cuda=True,env_id=LunarLander-v2,eta=None,exp_name=QREPS,gamma=0.9900,num_envs=1,num_rollouts=6,num_updates=100,policy_lr_end=0,policy_lr_start=0.0025,q_lr_end=0,q_lr_start=0.1000,saddle_point_optimization=False,seed=1,target_entropy_scale=0.8900,torch_deterministic=True,total_timesteps=1000,track=False,update_epochs=5,update_policy_epochs=300,use_kl_loss=True,use_linear_schedule=False,wandb_entity=TFG,wandb_project_name=QREPS_CartPole-v1",QREPS,1,True,True,False,QREPS_CartPole-v1,TFG,False,LunarLander-v2,1000,100,10000,5,300,6,1,0.99,0.0025,0.1,0,0,6,,4e-05,False,0.89,False,True,False,True,0
bdfa5c26,-1000.0,1712615143,,True,22,2024-04-09_00-25-43,0.34925317764282227,57.790658473968506,30218,Nicolass-iMac.technicolor.net,127.0.0.1,57.790658473968506,22,"13_trial_index=0,alpha=8,anneal_lr=False,autotune=True,beta=0.1000,buffer_size=10000,capture_video=False,cuda=True,env_id=LunarLander-v2,eta=None,exp_name=QREPS,gamma=0.9900,num_envs=1,num_rollouts=4,num_updates=100,policy_lr_end=0,policy_lr_start=0.0025,q_lr_end=0,q_lr_start=0.1000,saddle_point_optimization=True,seed=1,target_entropy_scale=0.2000,torch_deterministic=True,total_timesteps=1000,track=False,update_epochs=50,update_policy_epochs=50,use_kl_loss=True,use_linear_schedule=False,wandb_entity=TFG,wandb_project_name=QREPS_CartPole-v1",QREPS,1,True,True,False,QREPS_CartPole-v1,TFG,False,LunarLander-v2,1000,100,10000,50,50,4,1,0.99,0.0025,0.1,0,0,8,,0.1,True,0.2,False,False,True,True,0
6dcdae1b,-527.5083517261414,1712615723,,True,100,2024-04-09_00-35-23,3.4781718254089355,634.4582099914551,30220,Nicolass-iMac.technicolor.net,127.0.0.1,634.4582099914551,100,"14_trial_index=0,alpha=4,anneal_lr=True,autotune=False,beta=0.0000,buffer_size=10000,capture_video=False,cuda=True,env_id=LunarLander-v2,eta=None,exp_name=QREPS,gamma=0.9900,num_envs=1,num_rollouts=8,num_updates=100,policy_lr_end=0,policy_lr_start=0.0200,q_lr_end=0,q_lr_start=0.0025,saddle_point_optimization=False,seed=1,target_entropy_scale=0.8900,torch_deterministic=True,total_timesteps=1000,track=False,update_epochs=100,update_policy_epochs=300,use_kl_loss=False,use_linear_schedule=False,wandb_entity=TFG,wandb_project_name=QREPS_CartPole-v1",QREPS,1,True,True,False,QREPS_CartPole-v1,TFG,False,LunarLander-v2,1000,100,10000,100,300,8,1,0.99,0.02,0.0025,0,0,4,,4e-05,False,0.89,False,True,False,False,0
07570540,-193.13413831449077,1712615795,,True,100,2024-04-09_00-36-35,4.279271841049194,702.6598947048187,30224,Nicolass-iMac.technicolor.net,127.0.0.1,702.6598947048187,100,"15_trial_index=0,alpha=4,anneal_lr=True,autotune=False,beta=0.0100,buffer_size=10000,capture_video=False,cuda=True,env_id=LunarLander-v2,eta=None,exp_name=QREPS,gamma=0.9900,num_envs=1,num_rollouts=6,num_updates=100,policy_lr_end=0,policy_lr_start=0.0025,q_lr_end=0,q_lr_start=0.0200,saddle_point_optimization=False,seed=1,target_entropy_scale=0.5000,torch_deterministic=True,total_timesteps=1000,track=False,update_epochs=300,update_policy_epochs=300,use_kl_loss=False,use_linear_schedule=False,wandb_entity=TFG,wandb_project_name=QREPS_CartPole-v1",QREPS,1,True,True,False,QREPS_CartPole-v1,TFG,False,LunarLander-v2,1000,100,10000,300,300,6,1,0.99,0.0025,0.02,0,0,4,,0.01,False,0.5,False,True,False,False,0
dd25c76f,-1000.0,1712615142,,True,8,2024-04-09_00-25-42,1.0444128513336182,46.90367865562439,30231,Nicolass-iMac.technicolor.net,127.0.0.1,46.90367865562439,8,"16_trial_index=0,alpha=6,anneal_lr=False,autotune=True,beta=0.0020,buffer_size=10000,capture_video=False,cuda=True,env_id=LunarLander-v2,eta=None,exp_name=QREPS,gamma=0.9900,num_envs=1,num_rollouts=6,num_updates=100,policy_lr_end=0,policy_lr_start=0.0200,q_lr_end=0,q_lr_start=0.0200,saddle_point_optimization=True,seed=1,target_entropy_scale=0.3500,torch_deterministic=True,total_timesteps=1000,track=False,update_epochs=50,update_policy_epochs=450,use_kl_loss=True,use_linear_schedule=False,wandb_entity=TFG,wandb_project_name=QREPS_CartPole-v1",QREPS,1,True,True,False,QREPS_CartPole-v1,TFG,False,LunarLander-v2,1000,100,10000,50,450,6,1,0.99,0.02,0.02,0,0,6,,0.002,True,0.35,False,False,True,True,0
98320752,-407.89494660008734,1712615402,,True,100,2024-04-09_00-30-02,2.005589008331299,302.81926584243774,30233,Nicolass-iMac.technicolor.net,127.0.0.1,302.81926584243774,100,"17_trial_index=0,alpha=2,anneal_lr=True,autotune=False,beta=0.0020,buffer_size=10000,capture_video=False,cuda=True,env_id=LunarLander-v2,eta=None,exp_name=QREPS,gamma=0.9900,num_envs=1,num_rollouts=4,num_updates=100,policy_lr_end=0,policy_lr_start=0.0025,q_lr_end=0,q_lr_start=0.0025,saddle_point_optimization=True,seed=1,target_entropy_scale=0.3500,torch_deterministic=True,total_timesteps=1000,track=False,update_epochs=50,update_policy_epochs=300,use_kl_loss=True,use_linear_schedule=False,wandb_entity=TFG,wandb_project_name=QREPS_CartPole-v1",QREPS,1,True,True,False,QREPS_CartPole-v1,TFG,False,LunarLander-v2,1000,100,10000,50,300,4,1,0.99,0.0025,0.0025,0,0,2,,0.002,False,0.35,False,True,True,True,0
25335635,-1000.0,1712615932,,True,14,2024-04-09_00-38-52,3.73785400390625,135.06235933303833,31077,Nicolass-iMac.technicolor.net,127.0.0.1,135.06235933303833,14,"18_trial_index=0,alpha=8,anneal_lr=False,autotune=True,beta=0.0100,buffer_size=10000,capture_video=False,cuda=True,env_id=LunarLander-v2,eta=None,exp_name=QREPS,gamma=0.9900,num_envs=1,num_rollouts=8,num_updates=100,policy_lr_end=0,policy_lr_start=0.0200,q_lr_end=0,q_lr_start=0.1000,saddle_point_optimization=False,seed=1,target_entropy_scale=0.5000,torch_deterministic=True,total_timesteps=1000,track=False,update_epochs=300,update_policy_epochs=450,use_kl_loss=False,use_linear_schedule=False,wandb_entity=TFG,wandb_project_name=QREPS_CartPole-v1",QREPS,1,True,True,False,QREPS_CartPole-v1,TFG,False,LunarLander-v2,1000,100,10000,300,450,8,1,0.99,0.02,0.1,0,0,8,,0.01,True,0.5,False,False,False,False,0
14516c1f,-217.02856337972926,1712616258,,True,100,2024-04-09_00-44-18,4.640545129776001,457.46338295936584,31080,Nicolass-iMac.technicolor.net,127.0.0.1,457.46338295936584,100,"19_trial_index=0,alpha=6,anneal_lr=False,autotune=True,beta=0.0020,buffer_size=10000,capture_video=False,cuda=True,env_id=LunarLander-v2,eta=None,exp_name=QREPS,gamma=0.9900,num_envs=1,num_rollouts=6,num_updates=100,policy_lr_end=0,policy_lr_start=0.0025,q_lr_end=0,q_lr_start=0.0200,saddle_point_optimization=False,seed=1,target_entropy_scale=0.8900,torch_deterministic=True,total_timesteps=1000,track=False,update_epochs=100,update_policy_epochs=50,use_kl_loss=False,use_linear_schedule=False,wandb_entity=TFG,wandb_project_name=QREPS_CartPole-v1",QREPS,1,True,True,False,QREPS_CartPole-v1,TFG,False,LunarLander-v2,1000,100,10000,100,50,6,1,0.99,0.0025,0.02,0,0,6,,0.002,True,0.89,False,False,False,False,0
4ed1176c,-1000.0,1712615806,,True,3,2024-04-09_00-36-46,0.549705982208252,5.677001237869263,31081,Nicolass-iMac.technicolor.net,127.0.0.1,5.677001237869263,3,"20_trial_index=0,alpha=4,anneal_lr=True,autotune=False,beta=0.0100,buffer_size=10000,capture_video=False,cuda=True,env_id=LunarLander-v2,eta=None,exp_name=QREPS,gamma=0.9900,num_envs=1,num_rollouts=6,num_updates=100,policy_lr_end=0,policy_lr_start=0.0200,q_lr_end=0,q_lr_start=0.0200,saddle_point_optimization=True,seed=1,target_entropy_scale=0.3500,torch_deterministic=True,total_timesteps=1000,track=False,update_epochs=50,update_policy_epochs=300,use_kl_loss=True,use_linear_schedule=False,wandb_entity=TFG,wandb_project_name=QREPS_CartPole-v1",QREPS,1,True,True,False,QREPS_CartPole-v1,TFG,False,LunarLander-v2,1000,100,10000,50,300,6,1,0.99,0.02,0.02,0,0,4,,0.01,False,0.35,False,True,True,True,0
9f4187af,-1000.0,1712615821,,True,22,2024-04-09_00-37-01,0.32690978050231934,14.169967412948608,31083,Nicolass-iMac.technicolor.net,127.0.0.1,14.169967412948608,22,"21_trial_index=0,alpha=2,anneal_lr=False,autotune=True,beta=0.0020,buffer_size=10000,capture_video=False,cuda=True,env_id=LunarLander-v2,eta=None,exp_name=QREPS,gamma=0.9900,num_envs=1,num_rollouts=8,num_updates=100,policy_lr_end=0,policy_lr_start=0.0200,q_lr_end=0,q_lr_start=0.0200,saddle_point_optimization=False,seed=1,target_entropy_scale=0.8900,torch_deterministic=True,total_timesteps=1000,track=False,update_epochs=5,update_policy_epochs=50,use_kl_loss=True,use_linear_schedule=False,wandb_entity=TFG,wandb_project_name=QREPS_CartPole-v1",QREPS,1,True,True,False,QREPS_CartPole-v1,TFG,False,LunarLander-v2,1000,100,10000,5,50,8,1,0.99,0.02,0.02,0,0,2,,0.002,True,0.89,False,False,False,True,0
1eae84f8,-256.7954839281364,1712616244,,True,100,2024-04-09_00-44-04,3.682213068008423,437.49531507492065,31086,Nicolass-iMac.technicolor.net,127.0.0.1,437.49531507492065,100,"22_trial_index=0,alpha=6,anneal_lr=True,autotune=False,beta=0.0100,buffer_size=10000,capture_video=False,cuda=True,env_id=LunarLander-v2,eta=None,exp_name=QREPS,gamma=0.9900,num_envs=1,num_rollouts=4,num_updates=100,policy_lr_end=0,policy_lr_start=0.0025,q_lr_end=0,q_lr_start=0.0200,saddle_point_optimization=True,seed=1,target_entropy_scale=0.2000,torch_deterministic=True,total_timesteps=1000,track=False,update_epochs=100,update_policy_epochs=300,use_kl_loss=False,use_linear_schedule=False,wandb_entity=TFG,wandb_project_name=QREPS_CartPole-v1",QREPS,1,True,True,False,QREPS_CartPole-v1,TFG,False,LunarLander-v2,1000,100,10000,100,300,4,1,0.99,0.0025,0.02,0,0,6,,0.01,False,0.2,False,True,True,False,0
6457c300,-67.64569925249596,1712616298,,True,100,2024-04-09_00-44-58,2.636776924133301,488.12598752975464,31087,Nicolass-iMac.technicolor.net,127.0.0.1,488.12598752975464,100,"23_trial_index=0,alpha=6,anneal_lr=True,autotune=False,beta=0.0000,buffer_size=10000,capture_video=False,cuda=True,env_id=LunarLander-v2,eta=None,exp_name=QREPS,gamma=0.9900,num_envs=1,num_rollouts=6,num_updates=100,policy_lr_end=0,policy_lr_start=0.0200,q_lr_end=0,q_lr_start=0.1000,saddle_point_optimization=True,seed=1,target_entropy_scale=0.3500,torch_deterministic=True,total_timesteps=1000,track=False,update_epochs=100,update_policy_epochs=300,use_kl_loss=False,use_linear_schedule=False,wandb_entity=TFG,wandb_project_name=QREPS_CartPole-v1",QREPS,1,True,True,False,QREPS_CartPole-v1,TFG,False,LunarLander-v2,1000,100,10000,100,300,6,1,0.99,0.02,0.1,0,0,6,,4e-05,False,0.35,False,True,True,False,0
0c2a3f96,-144.84175347987988,1712616177,,True,100,2024-04-09_00-42-57,3.62404203414917,366.7979311943054,31088,Nicolass-iMac.technicolor.net,127.0.0.1,366.7979311943054,100,"24_trial_index=0,alpha=4,anneal_lr=False,autotune=True,beta=0.1000,buffer_size=10000,capture_video=False,cuda=True,env_id=LunarLander-v2,eta=None,exp_name=QREPS,gamma=0.9900,num_envs=1,num_rollouts=6,num_updates=100,policy_lr_end=0,policy_lr_start=0.0025,q_lr_end=0,q_lr_start=0.0025,saddle_point_optimization=False,seed=1,target_entropy_scale=0.5000,torch_deterministic=True,total_timesteps=1000,track=False,update_epochs=50,update_policy_epochs=450,use_kl_loss=True,use_linear_schedule=False,wandb_entity=TFG,wandb_project_name=QREPS_CartPole-v1",QREPS,1,True,True,False,QREPS_CartPole-v1,TFG,False,LunarLander-v2,1000,100,10000,50,450,6,1,0.99,0.0025,0.0025,0,0,4,,0.1,True,0.5,False,False,False,True,0
8964cd73,-806.3096943514824,1712616546,,True,100,2024-04-09_00-49-06,5.8739588260650635,729.7692816257477,31094,Nicolass-iMac.technicolor.net,127.0.0.1,729.7692816257477,100,"25_trial_index=0,alpha=6,anneal_lr=True,autotune=True,beta=0.1000,buffer_size=10000,capture_video=False,cuda=True,env_id=LunarLander-v2,eta=None,exp_name=QREPS,gamma=0.9900,num_envs=1,num_rollouts=8,num_updates=100,policy_lr_end=0,policy_lr_start=0.0200,q_lr_end=0,q_lr_start=0.0200,saddle_point_optimization=False,seed=1,target_entropy_scale=0.3500,torch_deterministic=True,total_timesteps=1000,track=False,update_epochs=300,update_policy_epochs=450,use_kl_loss=True,use_linear_schedule=False,wandb_entity=TFG,wandb_project_name=QREPS_CartPole-v1",QREPS,1,True,True,False,QREPS_CartPole-v1,TFG,False,LunarLander-v2,1000,100,10000,300,450,8,1,0.99,0.02,0.02,0,0,6,,0.1,True,0.35,False,True,False,True,0
4b3f5458,-116.35928870697899,1712616289,,True,100,2024-04-09_00-44-49,3.104196071624756,469.31789207458496,31096,Nicolass-iMac.technicolor.net,127.0.0.1,469.31789207458496,100,"26_trial_index=0,alpha=4,anneal_lr=False,autotune=False,beta=0.0000,buffer_size=10000,capture_video=False,cuda=True,env_id=LunarLander-v2,eta=None,exp_name=QREPS,gamma=0.9900,num_envs=1,num_rollouts=6,num_updates=100,policy_lr_end=0,policy_lr_start=0.0200,q_lr_end=0,q_lr_start=0.0200,saddle_point_optimization=False,seed=1,target_entropy_scale=0.8900,torch_deterministic=True,total_timesteps=1000,track=False,update_epochs=300,update_policy_epochs=300,use_kl_loss=True,use_linear_schedule=False,wandb_entity=TFG,wandb_project_name=QREPS_CartPole-v1",QREPS,1,True,True,False,QREPS_CartPole-v1,TFG,False,LunarLander-v2,1000,100,10000,300,300,6,1,0.99,0.02,0.02,0,0,4,,4e-05,False,0.89,False,False,False,True,0
76858d41,-571.5726806183941,1712616648,,True,100,2024-04-09_00-50-48,0.9053530693054199,96.16780185699463,31606,Nicolass-iMac.technicolor.net,127.0.0.1,96.16780185699463,100,"27_trial_index=0,alpha=8,anneal_lr=False,autotune=False,beta=0.0020,buffer_size=10000,capture_video=False,cuda=True,env_id=LunarLander-v2,eta=None,exp_name=QREPS,gamma=0.9900,num_envs=1,num_rollouts=8,num_updates=100,policy_lr_end=0,policy_lr_start=0.0200,q_lr_end=0,q_lr_start=0.1000,saddle_point_optimization=False,seed=1,target_entropy_scale=0.8900,torch_deterministic=True,total_timesteps=1000,track=False,update_epochs=5,update_policy_epochs=50,use_kl_loss=True,use_linear_schedule=False,wandb_entity=TFG,wandb_project_name=QREPS_CartPole-v1",QREPS,1,True,True,False,QREPS_CartPole-v1,TFG,False,LunarLander-v2,1000,100,10000,5,50,8,1,0.99,0.02,0.1,0,0,8,,0.002,False,0.89,False,False,False,True,0
dd3a65ee,-1000.0,1712616574,,True,6,2024-04-09_00-49-34,2.0386290550231934,22.33199119567871,31607,Nicolass-iMac.technicolor.net,127.0.0.1,22.33199119567871,6,"28_trial_index=0,alpha=8,anneal_lr=False,autotune=True,beta=0.0020,buffer_size=10000,capture_video=False,cuda=True,env_id=LunarLander-v2,eta=None,exp_name=QREPS,gamma=0.9900,num_envs=1,num_rollouts=4,num_updates=100,policy_lr_end=0,policy_lr_start=0.0200,q_lr_end=0,q_lr_start=0.1000,saddle_point_optimization=False,seed=1,target_entropy_scale=0.8900,torch_deterministic=True,total_timesteps=1000,track=False,update_epochs=300,update_policy_epochs=450,use_kl_loss=True,use_linear_schedule=False,wandb_entity=TFG,wandb_project_name=QREPS_CartPole-v1",QREPS,1,True,True,False,QREPS_CartPole-v1,TFG,False,LunarLander-v2,1000,100,10000,300,450,4,1,0.99,0.02,0.1,0,0,8,,0.002,True,0.89,False,False,False,True,0
66d1d6e2,-1000.0,1712616631,,True,57,2024-04-09_00-50-31,1.0854547023773193,76.5094895362854,31610,Nicolass-iMac.technicolor.net,127.0.0.1,76.5094895362854,57,"29_trial_index=0,alpha=6,anneal_lr=False,autotune=True,beta=0.0000,buffer_size=10000,capture_video=False,cuda=True,env_id=LunarLander-v2,eta=None,exp_name=QREPS,gamma=0.9900,num_envs=1,num_rollouts=6,num_updates=100,policy_lr_end=0,policy_lr_start=0.0200,q_lr_end=0,q_lr_start=0.0200,saddle_point_optimization=False,seed=1,target_entropy_scale=0.8900,torch_deterministic=True,total_timesteps=1000,track=False,update_epochs=100,update_policy_epochs=50,use_kl_loss=True,use_linear_schedule=False,wandb_entity=TFG,wandb_project_name=QREPS_CartPole-v1",QREPS,1,True,True,False,QREPS_CartPole-v1,TFG,False,LunarLander-v2,1000,100,10000,100,50,6,1,0.99,0.02,0.02,0,0,6,,4e-05,True,0.89,False,False,False,True,0
b7863038,-149.4216795325224,1712616651,,True,100,2024-04-09_00-50-51,0.7582173347473145,93.2916271686554,31612,Nicolass-iMac.technicolor.net,127.0.0.1,93.2916271686554,100,"30_trial_index=0,alpha=8,anneal_lr=True,autotune=True,beta=0.0100,buffer_size=10000,capture_video=False,cuda=True,env_id=LunarLander-v2,eta=None,exp_name=QREPS,gamma=0.9900,num_envs=1,num_rollouts=4,num_updates=100,policy_lr_end=0,policy_lr_start=0.0200,q_lr_end=0,q_lr_start=0.0025,saddle_point_optimization=True,seed=1,target_entropy_scale=0.2000,torch_deterministic=True,total_timesteps=1000,track=False,update_epochs=50,update_policy_epochs=50,use_kl_loss=True,use_linear_schedule=False,wandb_entity=TFG,wandb_project_name=QREPS_CartPole-v1",QREPS,1,True,True,False,QREPS_CartPole-v1,TFG,False,LunarLander-v2,1000,100,10000,50,50,4,1,0.99,0.02,0.0025,0,0,8,,0.01,True,0.2,False,True,True,True,0
62a7d298,-503.8848335173062,1712616733,,True,100,2024-04-09_00-52-13,1.378201961517334,173.33598470687866,31613,Nicolass-iMac.technicolor.net,127.0.0.1,173.33598470687866,100,"31_trial_index=0,alpha=8,anneal_lr=True,autotune=False,beta=0.0100,buffer_size=10000,capture_video=False,cuda=True,env_id=LunarLander-v2,eta=None,exp_name=QREPS,gamma=0.9900,num_envs=1,num_rollouts=4,num_updates=100,policy_lr_end=0,policy_lr_start=0.0200,q_lr_end=0,q_lr_start=0.1000,saddle_point_optimization=False,seed=1,target_entropy_scale=0.8900,torch_deterministic=True,total_timesteps=1000,track=False,update_epochs=5,update_policy_epochs=450,use_kl_loss=True,use_linear_schedule=False,wandb_entity=TFG,wandb_project_name=QREPS_CartPole-v1",QREPS,1,True,True,False,QREPS_CartPole-v1,TFG,False,LunarLander-v2,1000,100,10000,5,450,4,1,0.99,0.02,0.1,0,0,8,,0.01,False,0.89,False,True,False,True,0
6ede7c9a,-1000.0,1712616791,,True,49,2024-04-09_00-53-11,3.5824649333953857,231.39781141281128,31617,Nicolass-iMac.technicolor.net,127.0.0.1,231.39781141281128,49,"32_trial_index=0,alpha=4,anneal_lr=False,autotune=False,beta=0.0000,buffer_size=10000,capture_video=False,cuda=True,env_id=LunarLander-v2,eta=None,exp_name=QREPS,gamma=0.9900,num_envs=1,num_rollouts=6,num_updates=100,policy_lr_end=0,policy_lr_start=0.0025,q_lr_end=0,q_lr_start=0.0200,saddle_point_optimization=False,seed=1,target_entropy_scale=0.8900,torch_deterministic=True,total_timesteps=1000,track=False,update_epochs=300,update_policy_epochs=50,use_kl_loss=False,use_linear_schedule=False,wandb_entity=TFG,wandb_project_name=QREPS_CartPole-v1",QREPS,1,True,True,False,QREPS_CartPole-v1,TFG,False,LunarLander-v2,1000,100,10000,300,50,6,1,0.99,0.0025,0.02,0,0,4,,4e-05,False,0.89,False,False,False,False,0
96ae564a,-140.07090563286286,1712616761,,True,100,2024-04-09_00-52-41,1.4603493213653564,195.48932456970215,31628,Nicolass-iMac.technicolor.net,127.0.0.1,195.48932456970215,100,"33_trial_index=0,alpha=6,anneal_lr=True,autotune=False,beta=0.0000,buffer_size=10000,capture_video=False,cuda=True,env_id=LunarLander-v2,eta=None,exp_name=QREPS,gamma=0.9900,num_envs=1,num_rollouts=6,num_updates=100,policy_lr_end=0,policy_lr_start=0.0200,q_lr_end=0,q_lr_start=0.1000,saddle_point_optimization=True,seed=1,target_entropy_scale=0.3500,torch_deterministic=True,total_timesteps=1000,track=False,update_epochs=100,update_policy_epochs=50,use_kl_loss=False,use_linear_schedule=False,wandb_entity=TFG,wandb_project_name=QREPS_CartPole-v1",QREPS,1,True,True,False,QREPS_CartPole-v1,TFG,False,LunarLander-v2,1000,100,10000,100,50,6,1,0.99,0.02,0.1,0,0,6,,4e-05,False,0.35,False,True,True,False,0
e2340069,-1000.0,1712616672,,True,16,2024-04-09_00-51-12,1.7257437705993652,103.2853307723999,31633,Nicolass-iMac.technicolor.net,127.0.0.1,103.2853307723999,16,"34_trial_index=0,alpha=8,anneal_lr=False,autotune=True,beta=0.0000,buffer_size=10000,capture_video=False,cuda=True,env_id=LunarLander-v2,eta=None,exp_name=QREPS,gamma=0.9900,num_envs=1,num_rollouts=6,num_updates=100,policy_lr_end=0,policy_lr_start=0.0200,q_lr_end=0,q_lr_start=0.1000,saddle_point_optimization=False,seed=1,target_entropy_scale=0.5000,torch_deterministic=True,total_timesteps=1000,track=False,update_epochs=300,update_policy_epochs=450,use_kl_loss=False,use_linear_schedule=False,wandb_entity=TFG,wandb_project_name=QREPS_CartPole-v1",QREPS,1,True,True,False,QREPS_CartPole-v1,TFG,False,LunarLander-v2,1000,100,10000,300,450,6,1,0.99,0.02,0.1,0,0,8,,4e-05,True,0.5,False,False,False,False,0
7b1ac687,-868.3276630965518,1712617358,,True,100,2024-04-09_01-02-38,3.8494319915771484,564.6404051780701,31842,Nicolass-iMac.technicolor.net,127.0.0.1,564.6404051780701,100,"35_trial_index=0,alpha=6,anneal_lr=True,autotune=True,beta=0.0000,buffer_size=10000,capture_video=False,cuda=True,env_id=LunarLander-v2,eta=None,exp_name=QREPS,gamma=0.9900,num_envs=1,num_rollouts=4,num_updates=100,policy_lr_end=0,policy_lr_start=0.0200,q_lr_end=0,q_lr_start=0.1000,saddle_point_optimization=True,seed=1,target_entropy_scale=0.5000,torch_deterministic=True,total_timesteps=1000,track=False,update_epochs=300,update_policy_epochs=450,use_kl_loss=False,use_linear_schedule=False,wandb_entity=TFG,wandb_project_name=QREPS_CartPole-v1",QREPS,1,True,True,False,QREPS_CartPole-v1,TFG,False,LunarLander-v2,1000,100,10000,300,450,4,1,0.99,0.02,0.1,0,0,6,,4e-05,True,0.5,False,True,True,False,0
90fdcd3e,-1000.0,1712616820,,True,4,2024-04-09_00-53-40,4.017733097076416,25.66786813735962,31843,Nicolass-iMac.technicolor.net,127.0.0.1,25.66786813735962,4,"36_trial_index=0,alpha=4,anneal_lr=True,autotune=True,beta=0.0000,buffer_size=10000,capture_video=False,cuda=True,env_id=LunarLander-v2,eta=None,exp_name=QREPS,gamma=0.9900,num_envs=1,num_rollouts=8,num_updates=100,policy_lr_end=0,policy_lr_start=0.0200,q_lr_end=0,q_lr_start=0.1000,saddle_point_optimization=False,seed=1,target_entropy_scale=0.2000,torch_deterministic=True,total_timesteps=1000,track=False,update_epochs=300,update_policy_epochs=450,use_kl_loss=False,use_linear_schedule=False,wandb_entity=TFG,wandb_project_name=QREPS_CartPole-v1",QREPS,1,True,True,False,QREPS_CartPole-v1,TFG,False,LunarLander-v2,1000,100,10000,300,450,8,1,0.99,0.02,0.1,0,0,4,,4e-05,True,0.2,False,True,False,False,0
7e581495,-106.90513054917841,1712617143,,True,100,2024-04-09_00-59-03,7.237290859222412,343.8292233943939,31844,Nicolass-iMac.technicolor.net,127.0.0.1,343.8292233943939,100,"37_trial_index=0,alpha=4,anneal_lr=False,autotune=True,beta=0.0000,buffer_size=10000,capture_video=False,cuda=True,env_id=LunarLander-v2,eta=None,exp_name=QREPS,gamma=0.9900,num_envs=1,num_rollouts=6,num_updates=100,policy_lr_end=0,policy_lr_start=0.0200,q_lr_end=0,q_lr_start=0.1000,saddle_point_optimization=True,seed=1,target_entropy_scale=0.8900,torch_deterministic=True,total_timesteps=1000,track=False,update_epochs=5,update_policy_epochs=450,use_kl_loss=False,use_linear_schedule=False,wandb_entity=TFG,wandb_project_name=QREPS_CartPole-v1",QREPS,1,True,True,False,QREPS_CartPole-v1,TFG,False,LunarLander-v2,1000,100,10000,5,450,6,1,0.99,0.02,0.1,0,0,4,,4e-05,True,0.89,False,False,True,False,0
d2059e00,-1000.0,1712616813,,True,29,2024-04-09_00-53-33,0.13136720657348633,10.832812786102295,31847,Nicolass-iMac.technicolor.net,127.0.0.1,10.832812786102295,29,"38_trial_index=0,alpha=6,anneal_lr=True,autotune=False,beta=0.0000,buffer_size=10000,capture_video=False,cuda=True,env_id=LunarLander-v2,eta=None,exp_name=QREPS,gamma=0.9900,num_envs=1,num_rollouts=4,num_updates=100,policy_lr_end=0,policy_lr_start=0.0200,q_lr_end=0,q_lr_start=0.1000,saddle_point_optimization=False,seed=1,target_entropy_scale=0.3500,torch_deterministic=True,total_timesteps=1000,track=False,update_epochs=5,update_policy_epochs=50,use_kl_loss=False,use_linear_schedule=False,wandb_entity=TFG,wandb_project_name=QREPS_CartPole-v1",QREPS,1,True,True,False,QREPS_CartPole-v1,TFG,False,LunarLander-v2,1000,100,10000,5,50,4,1,0.99,0.02,0.1,0,0,6,,4e-05,False,0.35,False,True,False,False,0
2099f5b0,-154.49030288279067,1712617139,,True,100,2024-04-09_00-58-59,3.119539976119995,334.1453971862793,31848,Nicolass-iMac.technicolor.net,127.0.0.1,334.1453971862793,100,"39_trial_index=0,alpha=8,anneal_lr=True,autotune=True,beta=0.0000,buffer_size=10000,capture_video=False,cuda=True,env_id=LunarLander-v2,eta=None,exp_name=QREPS,gamma=0.9900,num_envs=1,num_rollouts=8,num_updates=100,policy_lr_end=0,policy_lr_start=0.0200,q_lr_end=0,q_lr_start=0.1000,saddle_point_optimization=True,seed=1,target_entropy_scale=0.5000,torch_deterministic=True,total_timesteps=1000,track=False,update_epochs=5,update_policy_epochs=300,use_kl_loss=False,use_linear_schedule=False,wandb_entity=TFG,wandb_project_name=QREPS_CartPole-v1",QREPS,1,True,True,False,QREPS_CartPole-v1,TFG,False,LunarLander-v2,1000,100,10000,5,300,8,1,0.99,0.02,0.1,0,0,8,,4e-05,True,0.5,False,True,True,False,0
538fb4f8,-653.6787680360425,1712617151,,True,100,2024-04-09_00-59-11,2.2590999603271484,346.3624393939972,31851,Nicolass-iMac.technicolor.net,127.0.0.1,346.3624393939972,100,"40_trial_index=0,alpha=2,anneal_lr=False,autotune=False,beta=0.0000,buffer_size=10000,capture_video=False,cuda=True,env_id=LunarLander-v2,eta=None,exp_name=QREPS,gamma=0.9900,num_envs=1,num_rollouts=4,num_updates=100,policy_lr_end=0,policy_lr_start=0.0200,q_lr_end=0,q_lr_start=0.1000,saddle_point_optimization=True,seed=1,target_entropy_scale=0.8900,torch_deterministic=True,total_timesteps=1000,track=False,update_epochs=100,update_policy_epochs=450,use_kl_loss=False,use_linear_schedule=False,wandb_entity=TFG,wandb_project_name=QREPS_CartPole-v1",QREPS,1,True,True,False,QREPS_CartPole-v1,TFG,False,LunarLander-v2,1000,100,10000,100,450,4,1,0.99,0.02,0.1,0,0,2,,4e-05,False,0.89,False,False,True,False,0
bf9061a3,-619.8457540921391,1712617145,,True,100,2024-04-09_00-59-05,2.604238271713257,334.65625286102295,31861,Nicolass-iMac.technicolor.net,127.0.0.1,334.65625286102295,100,"41_trial_index=0,alpha=6,anneal_lr=True,autotune=False,beta=0.0000,buffer_size=10000,capture_video=False,cuda=True,env_id=LunarLander-v2,eta=None,exp_name=QREPS,gamma=0.9900,num_envs=1,num_rollouts=6,num_updates=100,policy_lr_end=0,policy_lr_start=0.0200,q_lr_end=0,q_lr_start=0.0200,saddle_point_optimization=True,seed=1,target_entropy_scale=0.2000,torch_deterministic=True,total_timesteps=1000,track=False,update_epochs=100,update_policy_epochs=300,use_kl_loss=True,use_linear_schedule=False,wandb_entity=TFG,wandb_project_name=QREPS_CartPole-v1",QREPS,1,True,True,False,QREPS_CartPole-v1,TFG,False,LunarLander-v2,1000,100,10000,100,300,6,1,0.99,0.02,0.02,0,0,6,,4e-05,False,0.2,False,True,True,True,0
8987aa58,-154.18368329089665,1712617276,,True,100,2024-04-09_01-01-16,3.286055326461792,462.2877504825592,31862,Nicolass-iMac.technicolor.net,127.0.0.1,462.2877504825592,100,"42_trial_index=0,alpha=6,anneal_lr=False,autotune=False,beta=0.0000,buffer_size=10000,capture_video=False,cuda=True,env_id=LunarLander-v2,eta=None,exp_name=QREPS,gamma=0.9900,num_envs=1,num_rollouts=6,num_updates=100,policy_lr_end=0,policy_lr_start=0.0200,q_lr_end=0,q_lr_start=0.1000,saddle_point_optimization=True,seed=1,target_entropy_scale=0.2000,torch_deterministic=True,total_timesteps=1000,track=False,update_epochs=100,update_policy_epochs=300,use_kl_loss=False,use_linear_schedule=False,wandb_entity=TFG,wandb_project_name=QREPS_CartPole-v1",QREPS,1,True,True,False,QREPS_CartPole-v1,TFG,False,LunarLander-v2,1000,100,10000,100,300,6,1,0.99,0.02,0.1,0,0,6,,4e-05,False,0.2,False,False,True,False,0
d9a1f7a2,-183.59176764330414,1712617695,,True,100,2024-04-09_01-08-15,2.573817014694214,330.2713027000427,32264,Nicolass-iMac.technicolor.net,127.0.0.1,330.2713027000427,100,"43_trial_index=0,alpha=4,anneal_lr=False,autotune=True,beta=0.0000,buffer_size=10000,capture_video=False,cuda=True,env_id=LunarLander-v2,eta=None,exp_name=QREPS,gamma=0.9900,num_envs=1,num_rollouts=6,num_updates=100,policy_lr_end=0,policy_lr_start=0.0200,q_lr_end=0,q_lr_start=0.0200,saddle_point_optimization=True,seed=1,target_entropy_scale=0.5000,torch_deterministic=True,total_timesteps=1000,track=False,update_epochs=50,update_policy_epochs=300,use_kl_loss=False,use_linear_schedule=False,wandb_entity=TFG,wandb_project_name=QREPS_CartPole-v1",QREPS,1,True,True,False,QREPS_CartPole-v1,TFG,False,LunarLander-v2,1000,100,10000,50,300,6,1,0.99,0.02,0.02,0,0,4,,4e-05,True,0.5,False,False,True,False,0
32de6542,-926.3131734395887,1712617935,,True,100,2024-04-09_01-12-15,4.131200790405273,572.0433249473572,32265,Nicolass-iMac.technicolor.net,127.0.0.1,572.0433249473572,100,"44_trial_index=0,alpha=4,anneal_lr=True,autotune=True,beta=0.0000,buffer_size=10000,capture_video=False,cuda=True,env_id=LunarLander-v2,eta=None,exp_name=QREPS,gamma=0.9900,num_envs=1,num_rollouts=6,num_updates=100,policy_lr_end=0,policy_lr_start=0.0200,q_lr_end=0,q_lr_start=0.0025,saddle_point_optimization=True,seed=1,target_entropy_scale=0.8900,torch_deterministic=True,total_timesteps=1000,track=False,update_epochs=100,update_policy_epochs=300,use_kl_loss=True,use_linear_schedule=False,wandb_entity=TFG,wandb_project_name=QREPS_CartPole-v1",QREPS,1,True,True,False,QREPS_CartPole-v1,TFG,False,LunarLander-v2,1000,100,10000,100,300,6,1,0.99,0.02,0.0025,0,0,4,,4e-05,True,0.89,False,True,True,True,0
91cfdb77,-1000.0,1712617475,,True,43,2024-04-09_01-04-35,0.22873210906982422,108.13947105407715,32269,Nicolass-iMac.technicolor.net,127.0.0.1,108.13947105407715,43,"45_trial_index=0,alpha=6,anneal_lr=True,autotune=False,beta=0.1000,buffer_size=10000,capture_video=False,cuda=True,env_id=LunarLander-v2,eta=None,exp_name=QREPS,gamma=0.9900,num_envs=1,num_rollouts=6,num_updates=100,policy_lr_end=0,policy_lr_start=0.0200,q_lr_end=0,q_lr_start=0.0200,saddle_point_optimization=True,seed=1,target_entropy_scale=0.8900,torch_deterministic=True,total_timesteps=1000,track=False,update_epochs=5,update_policy_epochs=300,use_kl_loss=True,use_linear_schedule=False,wandb_entity=TFG,wandb_project_name=QREPS_CartPole-v1",QREPS,1,True,True,False,QREPS_CartPole-v1,TFG,False,LunarLander-v2,1000,100,10000,5,300,6,1,0.99,0.02,0.02,0,0,6,,0.1,False,0.89,False,True,True,True,0
800780b1,-644.7178690295141,1712617728,,True,100,2024-04-09_01-08-48,2.454766035079956,359.06761741638184,32270,Nicolass-iMac.technicolor.net,127.0.0.1,359.06761741638184,100,"46_trial_index=0,alpha=6,anneal_lr=True,autotune=False,beta=0.0000,buffer_size=10000,capture_video=False,cuda=True,env_id=LunarLander-v2,eta=None,exp_name=QREPS,gamma=0.9900,num_envs=1,num_rollouts=6,num_updates=100,policy_lr_end=0,policy_lr_start=0.0200,q_lr_end=0,q_lr_start=0.0025,saddle_point_optimization=True,seed=1,target_entropy_scale=0.8900,torch_deterministic=True,total_timesteps=1000,track=False,update_epochs=5,update_policy_epochs=300,use_kl_loss=True,use_linear_schedule=False,wandb_entity=TFG,wandb_project_name=QREPS_CartPole-v1",QREPS,1,True,True,False,QREPS_CartPole-v1,TFG,False,LunarLander-v2,1000,100,10000,5,300,6,1,0.99,0.02,0.0025,0,0,6,,4e-05,False,0.89,False,True,True,True,0
4417b061,-159.8554312321145,1712618012,,True,100,2024-04-09_01-13-32,4.477152109146118,640.5531566143036,32271,Nicolass-iMac.technicolor.net,127.0.0.1,640.5531566143036,100,"47_trial_index=0,alpha=2,anneal_lr=True,autotune=True,beta=0.0000,buffer_size=10000,capture_video=False,cuda=True,env_id=LunarLander-v2,eta=None,exp_name=QREPS,gamma=0.9900,num_envs=1,num_rollouts=6,num_updates=100,policy_lr_end=0,policy_lr_start=0.0200,q_lr_end=0,q_lr_start=0.1000,saddle_point_optimization=True,seed=1,target_entropy_scale=0.3500,torch_deterministic=True,total_timesteps=1000,track=False,update_epochs=100,update_policy_epochs=300,use_kl_loss=False,use_linear_schedule=False,wandb_entity=TFG,wandb_project_name=QREPS_CartPole-v1",QREPS,1,True,True,False,QREPS_CartPole-v1,TFG,False,LunarLander-v2,1000,100,10000,100,300,6,1,0.99,0.02,0.1,0,0,2,,4e-05,True,0.35,False,True,True,False,0
650bb7ff,-54.672515409492014,1712617896,,True,100,2024-04-09_01-11-36,3.380852222442627,525.1579034328461,32274,Nicolass-iMac.technicolor.net,127.0.0.1,525.1579034328461,100,"48_trial_index=0,alpha=4,anneal_lr=False,autotune=False,beta=0.0020,buffer_size=10000,capture_video=False,cuda=True,env_id=LunarLander-v2,eta=None,exp_name=QREPS,gamma=0.9900,num_envs=1,num_rollouts=6,num_updates=100,policy_lr_end=0,policy_lr_start=0.0025,q_lr_end=0,q_lr_start=0.0025,saddle_point_optimization=False,seed=1,target_entropy_scale=0.2000,torch_deterministic=True,total_timesteps=1000,track=False,update_epochs=300,update_policy_epochs=300,use_kl_loss=False,use_linear_schedule=False,wandb_entity=TFG,wandb_project_name=QREPS_CartPole-v1",QREPS,1,True,True,False,QREPS_CartPole-v1,TFG,False,LunarLander-v2,1000,100,10000,300,300,6,1,0.99,0.0025,0.0025,0,0,4,,0.002,False,0.2,False,False,False,False,0
28b49953,-144.62881235389503,1712617554,,True,100,2024-04-09_01-05-54,1.3232741355895996,175.6436426639557,32284,Nicolass-iMac.technicolor.net,127.0.0.1,175.6436426639557,100,"49_trial_index=0,alpha=8,anneal_lr=True,autotune=False,beta=0.0020,buffer_size=10000,capture_video=False,cuda=True,env_id=LunarLander-v2,eta=None,exp_name=QREPS,gamma=0.9900,num_envs=1,num_rollouts=6,num_updates=100,policy_lr_end=0,policy_lr_start=0.0200,q_lr_end=0,q_lr_start=0.0200,saddle_point_optimization=True,seed=1,target_entropy_scale=0.8900,torch_deterministic=True,total_timesteps=1000,track=False,update_epochs=50,update_policy_epochs=50,use_kl_loss=False,use_linear_schedule=False,wandb_entity=TFG,wandb_project_name=QREPS_CartPole-v1",QREPS,1,True,True,False,QREPS_CartPole-v1,TFG,False,LunarLander-v2,1000,100,10000,50,50,6,1,0.99,0.02,0.02,0,0,8,,0.002,False,0.89,False,True,True,False,0
a2c87fc3,-637.7407995389464,1712617800,,True,100,2024-04-09_01-10-00,2.6254360675811768,417.8455238342285,32300,Nicolass-iMac.technicolor.net,127.0.0.1,417.8455238342285,100,"50_trial_index=0,alpha=8,anneal_lr=False,autotune=False,beta=0.0000,buffer_size=10000,capture_video=False,cuda=True,env_id=LunarLander-v2,eta=None,exp_name=QREPS,gamma=0.9900,num_envs=1,num_rollouts=6,num_updates=100,policy_lr_end=0,policy_lr_start=0.0200,q_lr_end=0,q_lr_start=0.1000,saddle_point_optimization=True,seed=1,target_entropy_scale=0.8900,torch_deterministic=True,total_timesteps=1000,track=False,update_epochs=50,update_policy_epochs=300,use_kl_loss=True,use_linear_schedule=False,wandb_entity=TFG,wandb_project_name=QREPS_CartPole-v1",QREPS,1,True,True,False,QREPS_CartPole-v1,TFG,False,LunarLander-v2,1000,100,10000,50,300,6,1,0.99,0.02,0.1,0,0,8,,4e-05,False,0.89,False,False,True,True,0
03d07d39,-577.0973072400074,1712618539,,True,100,2024-04-09_01-22-19,2.6514248847961426,521.6281247138977,32796,Nicolass-iMac.technicolor.net,127.0.0.1,521.6281247138977,100,"51_trial_index=0,alpha=8,anneal_lr=False,autotune=True,beta=0.0100,buffer_size=10000,capture_video=False,cuda=True,env_id=LunarLander-v2,eta=None,exp_name=QREPS,gamma=0.9900,num_envs=1,num_rollouts=6,num_updates=100,policy_lr_end=0,policy_lr_start=0.0025,q_lr_end=0,q_lr_start=0.1000,saddle_point_optimization=False,seed=1,target_entropy_scale=0.3500,torch_deterministic=True,total_timesteps=1000,track=False,update_epochs=100,update_policy_epochs=300,use_kl_loss=False,use_linear_schedule=False,wandb_entity=TFG,wandb_project_name=QREPS_CartPole-v1",QREPS,1,True,True,False,QREPS_CartPole-v1,TFG,False,LunarLander-v2,1000,100,10000,100,300,6,1,0.99,0.0025,0.1,0,0,8,,0.01,True,0.35,False,False,False,False,0
f63a1ebc,-1000.0,1712618019,,True,11,2024-04-09_01-13-39,0.1027522087097168,3.244061231613159,32798,Nicolass-iMac.technicolor.net,127.0.0.1,3.244061231613159,11,"52_trial_index=0,alpha=4,anneal_lr=True,autotune=True,beta=0.0020,buffer_size=10000,capture_video=False,cuda=True,env_id=LunarLander-v2,eta=None,exp_name=QREPS,gamma=0.9900,num_envs=1,num_rollouts=6,num_updates=100,policy_lr_end=0,policy_lr_start=0.0200,q_lr_end=0,q_lr_start=0.1000,saddle_point_optimization=False,seed=1,target_entropy_scale=0.8900,torch_deterministic=True,total_timesteps=1000,track=False,update_epochs=5,update_policy_epochs=50,use_kl_loss=False,use_linear_schedule=False,wandb_entity=TFG,wandb_project_name=QREPS_CartPole-v1",QREPS,1,True,True,False,QREPS_CartPole-v1,TFG,False,LunarLander-v2,1000,100,10000,5,50,6,1,0.99,0.02,0.1,0,0,4,,0.002,True,0.89,False,True,False,False,0
16b485f6,-388.17612698387273,1712618482,,True,100,2024-04-09_01-21-22,2.9603002071380615,461.411593914032,32799,Nicolass-iMac.technicolor.net,127.0.0.1,461.411593914032,100,"53_trial_index=0,alpha=8,anneal_lr=True,autotune=True,beta=0.0100,buffer_size=10000,capture_video=False,cuda=True,env_id=LunarLander-v2,eta=None,exp_name=QREPS,gamma=0.9900,num_envs=1,num_rollouts=6,num_updates=100,policy_lr_end=0,policy_lr_start=0.0025,q_lr_end=0,q_lr_start=0.0200,saddle_point_optimization=False,seed=1,target_entropy_scale=0.3500,torch_deterministic=True,total_timesteps=1000,track=False,update_epochs=100,update_policy_epochs=300,use_kl_loss=False,use_linear_schedule=False,wandb_entity=TFG,wandb_project_name=QREPS_CartPole-v1",QREPS,1,True,True,False,QREPS_CartPole-v1,TFG,False,LunarLander-v2,1000,100,10000,100,300,6,1,0.99,0.0025,0.02,0,0,8,,0.01,True,0.35,False,True,False,False,0
ffcc5088,-1000.0,1712618390,,True,48,2024-04-09_01-19-50,0.5658702850341797,368.0762803554535,32802,Nicolass-iMac.technicolor.net,127.0.0.1,368.0762803554535,48,"54_trial_index=0,alpha=8,anneal_lr=False,autotune=False,beta=0.1000,buffer_size=10000,capture_video=False,cuda=True,env_id=LunarLander-v2,eta=None,exp_name=QREPS,gamma=0.9900,num_envs=1,num_rollouts=4,num_updates=100,policy_lr_end=0,policy_lr_start=0.0025,q_lr_end=0,q_lr_start=0.1000,saddle_point_optimization=True,seed=1,target_entropy_scale=0.8900,torch_deterministic=True,total_timesteps=1000,track=False,update_epochs=50,update_policy_epochs=300,use_kl_loss=True,use_linear_schedule=False,wandb_entity=TFG,wandb_project_name=QREPS_CartPole-v1",QREPS,1,True,True,False,QREPS_CartPole-v1,TFG,False,LunarLander-v2,1000,100,10000,50,300,4,1,0.99,0.0025,0.1,0,0,8,,0.1,False,0.89,False,False,True,True,0
6122d1b4,-341.43456144593887,1712618520,,True,100,2024-04-09_01-22-00,1.491124153137207,495.5856673717499,32803,Nicolass-iMac.technicolor.net,127.0.0.1,495.5856673717499,100,"55_trial_index=0,alpha=6,anneal_lr=False,autotune=False,beta=0.0000,buffer_size=10000,capture_video=False,cuda=True,env_id=LunarLander-v2,eta=None,exp_name=QREPS,gamma=0.9900,num_envs=1,num_rollouts=6,num_updates=100,policy_lr_end=0,policy_lr_start=0.0200,q_lr_end=0,q_lr_start=0.0200,saddle_point_optimization=False,seed=1,target_entropy_scale=0.3500,torch_deterministic=True,total_timesteps=1000,track=False,update_epochs=100,update_policy_epochs=300,use_kl_loss=False,use_linear_schedule=False,wandb_entity=TFG,wandb_project_name=QREPS_CartPole-v1",QREPS,1,True,True,False,QREPS_CartPole-v1,TFG,False,LunarLander-v2,1000,100,10000,100,300,6,1,0.99,0.02,0.02,0,0,6,,4e-05,False,0.35,False,False,False,False,0
096a9a43,-114.62371083432282,1712618454,,True,100,2024-04-09_01-20-54,2.828695774078369,430.0357463359833,32804,Nicolass-iMac.technicolor.net,127.0.0.1,430.0357463359833,100,"56_trial_index=0,alpha=6,anneal_lr=True,autotune=True,beta=0.0020,buffer_size=10000,capture_video=False,cuda=True,env_id=LunarLander-v2,eta=None,exp_name=QREPS,gamma=0.9900,num_envs=1,num_rollouts=8,num_updates=100,policy_lr_end=0,policy_lr_start=0.0200,q_lr_end=0,q_lr_start=0.0200,saddle_point_optimization=False,seed=1,target_entropy_scale=0.8900,torch_deterministic=True,total_timesteps=1000,track=False,update_epochs=300,update_policy_epochs=50,use_kl_loss=False,use_linear_schedule=False,wandb_entity=TFG,wandb_project_name=QREPS_CartPole-v1",QREPS,1,True,True,False,QREPS_CartPole-v1,TFG,False,LunarLander-v2,1000,100,10000,300,50,8,1,0.99,0.02,0.02,0,0,6,,0.002,True,0.89,False,True,False,False,0
f42431d2,-1000.0,1712618336,,True,79,2024-04-09_01-18-56,0.30736613273620605,306.1302192211151,32808,Nicolass-iMac.technicolor.net,127.0.0.1,306.1302192211151,79,"57_trial_index=0,alpha=2,anneal_lr=False,autotune=False,beta=0.1000,buffer_size=10000,capture_video=False,cuda=True,env_id=LunarLander-v2,eta=None,exp_name=QREPS,gamma=0.9900,num_envs=1,num_rollouts=6,num_updates=100,policy_lr_end=0,policy_lr_start=0.0200,q_lr_end=0,q_lr_start=0.0200,saddle_point_optimization=True,seed=1,target_entropy_scale=0.8900,torch_deterministic=True,total_timesteps=1000,track=False,update_epochs=5,update_policy_epochs=450,use_kl_loss=False,use_linear_schedule=False,wandb_entity=TFG,wandb_project_name=QREPS_CartPole-v1",QREPS,1,True,True,False,QREPS_CartPole-v1,TFG,False,LunarLander-v2,1000,100,10000,5,450,6,1,0.99,0.02,0.02,0,0,2,,0.1,False,0.89,False,False,True,False,0
cfe0284e,-1000.0,1712618346,,True,74,2024-04-09_01-19-06,3.436336040496826,313.4615352153778,32811,Nicolass-iMac.technicolor.net,127.0.0.1,313.4615352153778,74,"58_trial_index=0,alpha=4,anneal_lr=False,autotune=True,beta=0.0020,buffer_size=10000,capture_video=False,cuda=True,env_id=LunarLander-v2,eta=None,exp_name=QREPS,gamma=0.9900,num_envs=1,num_rollouts=6,num_updates=100,policy_lr_end=0,policy_lr_start=0.0025,q_lr_end=0,q_lr_start=0.0025,saddle_point_optimization=False,seed=1,target_entropy_scale=0.2000,torch_deterministic=True,total_timesteps=1000,track=False,update_epochs=300,update_policy_epochs=50,use_kl_loss=False,use_linear_schedule=False,wandb_entity=TFG,wandb_project_name=QREPS_CartPole-v1",QREPS,1,True,True,False,QREPS_CartPole-v1,TFG,False,LunarLander-v2,1000,100,10000,300,50,6,1,0.99,0.0025,0.0025,0,0,4,,0.002,True,0.2,False,False,False,False,0
b98ae643,-569.5310130071431,1712618482,,True,100,2024-04-09_01-21-22,2.0698089599609375,447.19912910461426,32816,Nicolass-iMac.technicolor.net,127.0.0.1,447.19912910461426,100,"59_trial_index=0,alpha=6,anneal_lr=False,autotune=False,beta=0.1000,buffer_size=10000,capture_video=False,cuda=True,env_id=LunarLander-v2,eta=None,exp_name=QREPS,gamma=0.9900,num_envs=1,num_rollouts=6,num_updates=100,policy_lr_end=0,policy_lr_start=0.0200,q_lr_end=0,q_lr_start=0.0025,saddle_point_optimization=True,seed=1,target_entropy_scale=0.3500,torch_deterministic=True,total_timesteps=1000,track=False,update_epochs=5,update_policy_epochs=450,use_kl_loss=False,use_linear_schedule=False,wandb_entity=TFG,wandb_project_name=QREPS_CartPole-v1",QREPS,1,True,True,False,QREPS_CartPole-v1,TFG,False,LunarLander-v2,1000,100,10000,5,450,6,1,0.99,0.02,0.0025,0,0,6,,0.1,False,0.35,False,False,True,False,0
4fba3c31,-803.8681372180223,1712618634,,True,100,2024-04-09_01-23-54,0.7887651920318604,88.24646806716919,33288,Nicolass-iMac.technicolor.net,127.0.0.1,88.24646806716919,100,"60_trial_index=0,alpha=4,anneal_lr=False,autotune=False,beta=0.1000,buffer_size=10000,capture_video=False,cuda=True,env_id=LunarLander-v2,eta=None,exp_name=QREPS,gamma=0.9900,num_envs=1,num_rollouts=6,num_updates=100,policy_lr_end=0,policy_lr_start=0.0200,q_lr_end=0,q_lr_start=0.0200,saddle_point_optimization=True,seed=1,target_entropy_scale=0.2000,torch_deterministic=True,total_timesteps=1000,track=False,update_epochs=5,update_policy_epochs=50,use_kl_loss=False,use_linear_schedule=False,wandb_entity=TFG,wandb_project_name=QREPS_CartPole-v1",QREPS,1,True,True,False,QREPS_CartPole-v1,TFG,False,LunarLander-v2,1000,100,10000,5,50,6,1,0.99,0.02,0.02,0,0,4,,0.1,False,0.2,False,False,True,False,0
02e2389a,-583.8453218251196,1712619379,,True,100,2024-04-09_01-36-19,4.444822072982788,831.933605670929,33294,Nicolass-iMac.technicolor.net,127.0.0.1,831.933605670929,100,"61_trial_index=0,alpha=6,anneal_lr=False,autotune=True,beta=0.1000,buffer_size=10000,capture_video=False,cuda=True,env_id=LunarLander-v2,eta=None,exp_name=QREPS,gamma=0.9900,num_envs=1,num_rollouts=6,num_updates=100,policy_lr_end=0,policy_lr_start=0.0200,q_lr_end=0,q_lr_start=0.0025,saddle_point_optimization=True,seed=1,target_entropy_scale=0.3500,torch_deterministic=True,total_timesteps=1000,track=False,update_epochs=300,update_policy_epochs=450,use_kl_loss=False,use_linear_schedule=False,wandb_entity=TFG,wandb_project_name=QREPS_CartPole-v1",QREPS,1,True,True,False,QREPS_CartPole-v1,TFG,False,LunarLander-v2,1000,100,10000,300,450,6,1,0.99,0.02,0.0025,0,0,6,,0.1,True,0.35,False,False,True,False,0
02493195,-12.095942200997394,1712618992,,True,100,2024-04-09_01-29-52,5.479245901107788,446.4005856513977,33298,Nicolass-iMac.technicolor.net,127.0.0.1,446.4005856513977,100,"62_trial_index=0,alpha=4,anneal_lr=True,autotune=False,beta=0.0020,buffer_size=10000,capture_video=False,cuda=True,env_id=LunarLander-v2,eta=None,exp_name=QREPS,gamma=0.9900,num_envs=1,num_rollouts=6,num_updates=100,policy_lr_end=0,policy_lr_start=0.0025,q_lr_end=0,q_lr_start=0.0200,saddle_point_optimization=False,seed=1,target_entropy_scale=0.3500,torch_deterministic=True,total_timesteps=1000,track=False,update_epochs=100,update_policy_epochs=450,use_kl_loss=False,use_linear_schedule=False,wandb_entity=TFG,wandb_project_name=QREPS_CartPole-v1",QREPS,1,True,True,False,QREPS_CartPole-v1,TFG,False,LunarLander-v2,1000,100,10000,100,450,6,1,0.99,0.0025,0.02,0,0,4,,0.002,False,0.35,False,True,False,False,0
bc1e2743,-1000.0,1712618617,,True,14,2024-04-09_01-23-37,0.6942868232727051,67.54604291915894,33299,Nicolass-iMac.technicolor.net,127.0.0.1,67.54604291915894,14,"63_trial_index=0,alpha=6,anneal_lr=False,autotune=True,beta=0.1000,buffer_size=10000,capture_video=False,cuda=True,env_id=LunarLander-v2,eta=None,exp_name=QREPS,gamma=0.9900,num_envs=1,num_rollouts=6,num_updates=100,policy_lr_end=0,policy_lr_start=0.0200,q_lr_end=0,q_lr_start=0.0025,saddle_point_optimization=True,seed=1,target_entropy_scale=0.3500,torch_deterministic=True,total_timesteps=1000,track=False,update_epochs=50,update_policy_epochs=450,use_kl_loss=False,use_linear_schedule=False,wandb_entity=TFG,wandb_project_name=QREPS_CartPole-v1",QREPS,1,True,True,False,QREPS_CartPole-v1,TFG,False,LunarLander-v2,1000,100,10000,50,450,6,1,0.99,0.02,0.0025,0,0,6,,0.1,True,0.35,False,False,True,False,0
ad53053a,-142.0714844227667,1712618893,,True,100,2024-04-09_01-28-13,2.7098381519317627,342.0604658126831,33300,Nicolass-iMac.technicolor.net,127.0.0.1,342.0604658126831,100,"64_trial_index=0,alpha=6,anneal_lr=True,autotune=True,beta=0.1000,buffer_size=10000,capture_video=False,cuda=True,env_id=LunarLander-v2,eta=None,exp_name=QREPS,gamma=0.9900,num_envs=1,num_rollouts=6,num_updates=100,policy_lr_end=0,policy_lr_start=0.0200,q_lr_end=0,q_lr_start=0.0025,saddle_point_optimization=True,seed=1,target_entropy_scale=0.3500,torch_deterministic=True,total_timesteps=1000,track=False,update_epochs=5,update_policy_epochs=450,use_kl_loss=False,use_linear_schedule=False,wandb_entity=TFG,wandb_project_name=QREPS_CartPole-v1",QREPS,1,True,True,False,QREPS_CartPole-v1,TFG,False,LunarLander-v2,1000,100,10000,5,450,6,1,0.99,0.02,0.0025,0,0,6,,0.1,True,0.35,False,True,True,False,0
38fc545f,-235.96539982433228,1712618650,,True,100,2024-04-09_01-24-10,0.6917181015014648,94.30540156364441,33312,Nicolass-iMac.technicolor.net,127.0.0.1,94.30540156364441,100,"65_trial_index=0,alpha=6,anneal_lr=True,autotune=False,beta=0.0000,buffer_size=10000,capture_video=False,cuda=True,env_id=LunarLander-v2,eta=None,exp_name=QREPS,gamma=0.9900,num_envs=1,num_rollouts=8,num_updates=100,policy_lr_end=0,policy_lr_start=0.0025,q_lr_end=0,q_lr_start=0.1000,saddle_point_optimization=True,seed=1,target_entropy_scale=0.5000,torch_deterministic=True,total_timesteps=1000,track=False,update_epochs=5,update_policy_epochs=50,use_kl_loss=True,use_linear_schedule=False,wandb_entity=TFG,wandb_project_name=QREPS_CartPole-v1",QREPS,1,True,True,False,QREPS_CartPole-v1,TFG,False,LunarLander-v2,1000,100,10000,5,50,8,1,0.99,0.0025,0.1,0,0,6,,4e-05,False,0.5,False,True,True,True,0
102592d4,-1000.0,1712618625,,True,16,2024-04-09_01-23-45,0.22475290298461914,66.68523812294006,33317,Nicolass-iMac.technicolor.net,127.0.0.1,66.68523812294006,16,"66_trial_index=0,alpha=6,anneal_lr=True,autotune=True,beta=0.1000,buffer_size=10000,capture_video=False,cuda=True,env_id=LunarLander-v2,eta=None,exp_name=QREPS,gamma=0.9900,num_envs=1,num_rollouts=6,num_updates=100,policy_lr_end=0,policy_lr_start=0.0200,q_lr_end=0,q_lr_start=0.1000,saddle_point_optimization=False,seed=1,target_entropy_scale=0.5000,torch_deterministic=True,total_timesteps=1000,track=False,update_epochs=5,update_policy_epochs=450,use_kl_loss=False,use_linear_schedule=False,wandb_entity=TFG,wandb_project_name=QREPS_CartPole-v1",QREPS,1,True,True,False,QREPS_CartPole-v1,TFG,False,LunarLander-v2,1000,100,10000,5,450,6,1,0.99,0.02,0.1,0,0,6,,0.1,True,0.5,False,True,False,False,0
a9818257,-620.1586616386306,1712619042,,True,100,2024-04-09_01-30-42,3.2982499599456787,480.18612813949585,33321,Nicolass-iMac.technicolor.net,127.0.0.1,480.18612813949585,100,"67_trial_index=0,alpha=2,anneal_lr=False,autotune=True,beta=0.0000,buffer_size=10000,capture_video=False,cuda=True,env_id=LunarLander-v2,eta=None,exp_name=QREPS,gamma=0.9900,num_envs=1,num_rollouts=6,num_updates=100,policy_lr_end=0,policy_lr_start=0.0025,q_lr_end=0,q_lr_start=0.1000,saddle_point_optimization=True,seed=1,target_entropy_scale=0.2000,torch_deterministic=True,total_timesteps=1000,track=False,update_epochs=50,update_policy_epochs=450,use_kl_loss=True,use_linear_schedule=False,wandb_entity=TFG,wandb_project_name=QREPS_CartPole-v1",QREPS,1,True,True,False,QREPS_CartPole-v1,TFG,False,LunarLander-v2,1000,100,10000,50,450,6,1,0.99,0.0025,0.1,0,0,2,,4e-05,True,0.2,False,False,True,True,0
58d10ba7,-135.6742256537919,1712619693,,True,100,2024-04-09_01-41-33,2.305911064147949,308.5572597980499,33954,Nicolass-iMac.technicolor.net,127.0.0.1,308.5572597980499,100,"68_trial_index=0,alpha=6,anneal_lr=True,autotune=True,beta=0.1000,buffer_size=10000,capture_video=False,cuda=True,env_id=LunarLander-v2,eta=None,exp_name=QREPS,gamma=0.9900,num_envs=1,num_rollouts=8,num_updates=100,policy_lr_end=0,policy_lr_start=0.0200,q_lr_end=0,q_lr_start=0.1000,saddle_point_optimization=False,seed=1,target_entropy_scale=0.3500,torch_deterministic=True,total_timesteps=1000,track=False,update_epochs=50,update_policy_epochs=450,use_kl_loss=False,use_linear_schedule=False,wandb_entity=TFG,wandb_project_name=QREPS_CartPole-v1",QREPS,1,True,True,False,QREPS_CartPole-v1,TFG,False,LunarLander-v2,1000,100,10000,50,450,8,1,0.99,0.02,0.1,0,0,6,,0.1,True,0.35,False,True,False,False,0
e9fea4b4,-1000.0,1712619420,,True,16,2024-04-09_01-37-00,0.2138810157775879,35.00206160545349,33957,Nicolass-iMac.technicolor.net,127.0.0.1,35.00206160545349,16,"69_trial_index=0,alpha=2,anneal_lr=False,autotune=False,beta=0.0100,buffer_size=10000,capture_video=False,cuda=True,env_id=LunarLander-v2,eta=None,exp_name=QREPS,gamma=0.9900,num_envs=1,num_rollouts=6,num_updates=100,policy_lr_end=0,policy_lr_start=0.0200,q_lr_end=0,q_lr_start=0.1000,saddle_point_optimization=False,seed=1,target_entropy_scale=0.8900,torch_deterministic=True,total_timesteps=1000,track=False,update_epochs=5,update_policy_epochs=300,use_kl_loss=False,use_linear_schedule=False,wandb_entity=TFG,wandb_project_name=QREPS_CartPole-v1",QREPS,1,True,True,False,QREPS_CartPole-v1,TFG,False,LunarLander-v2,1000,100,10000,5,300,6,1,0.99,0.02,0.1,0,0,2,,0.01,False,0.89,False,False,False,False,0
13843b3f,-1000.0,1712619469,,True,16,2024-04-09_01-37-49,0.5245621204376221,82.93425416946411,33958,Nicolass-iMac.technicolor.net,127.0.0.1,82.93425416946411,16,"70_trial_index=0,alpha=6,anneal_lr=False,autotune=False,beta=0.0100,buffer_size=10000,capture_video=False,cuda=True,env_id=LunarLander-v2,eta=None,exp_name=QREPS,gamma=0.9900,num_envs=1,num_rollouts=8,num_updates=100,policy_lr_end=0,policy_lr_start=0.0200,q_lr_end=0,q_lr_start=0.1000,saddle_point_optimization=False,seed=1,target_entropy_scale=0.8900,torch_deterministic=True,total_timesteps=1000,track=False,update_epochs=50,update_policy_epochs=300,use_kl_loss=False,use_linear_schedule=False,wandb_entity=TFG,wandb_project_name=QREPS_CartPole-v1",QREPS,1,True,True,False,QREPS_CartPole-v1,TFG,False,LunarLander-v2,1000,100,10000,50,300,8,1,0.99,0.02,0.1,0,0,6,,0.01,False,0.89,False,False,False,False,0
34aeefd4,-1000.0,1712619388,,True,2,2024-04-09_01-36-28,0.35213613510131836,1.656576156616211,33959,Nicolass-iMac.technicolor.net,127.0.0.1,1.656576156616211,2,"71_trial_index=0,alpha=6,anneal_lr=False,autotune=False,beta=0.0100,buffer_size=10000,capture_video=False,cuda=True,env_id=LunarLander-v2,eta=None,exp_name=QREPS,gamma=0.9900,num_envs=1,num_rollouts=6,num_updates=100,policy_lr_end=0,policy_lr_start=0.0200,q_lr_end=0,q_lr_start=0.1000,saddle_point_optimization=True,seed=1,target_entropy_scale=0.8900,torch_deterministic=True,total_timesteps=1000,track=False,update_epochs=50,update_policy_epochs=50,use_kl_loss=False,use_linear_schedule=False,wandb_entity=TFG,wandb_project_name=QREPS_CartPole-v1",QREPS,1,True,True,False,QREPS_CartPole-v1,TFG,False,LunarLander-v2,1000,100,10000,50,50,6,1,0.99,0.02,0.1,0,0,6,,0.01,False,0.89,False,False,True,False,0
e87e8ae0,-1000.0,1712619399,,True,4,2024-04-09_01-36-39,2.6954970359802246,8.806009292602539,33963,Nicolass-iMac.technicolor.net,127.0.0.1,8.806009292602539,4,"72_trial_index=0,alpha=6,anneal_lr=True,autotune=True,beta=0.1000,buffer_size=10000,capture_video=False,cuda=True,env_id=LunarLander-v2,eta=None,exp_name=QREPS,gamma=0.9900,num_envs=1,num_rollouts=6,num_updates=100,policy_lr_end=0,policy_lr_start=0.0025,q_lr_end=0,q_lr_start=0.1000,saddle_point_optimization=False,seed=1,target_entropy_scale=0.8900,torch_deterministic=True,total_timesteps=1000,track=False,update_epochs=100,update_policy_epochs=50,use_kl_loss=True,use_linear_schedule=False,wandb_entity=TFG,wandb_project_name=QREPS_CartPole-v1",QREPS,1,True,True,False,QREPS_CartPole-v1,TFG,False,LunarLander-v2,1000,100,10000,100,50,6,1,0.99,0.0025,0.1,0,0,6,,0.1,True,0.89,False,True,False,True,0
fe9b4495,-149.0862936554407,1712619957,,True,100,2024-04-09_01-45-57,4.678470134735107,562.5014204978943,33972,Nicolass-iMac.technicolor.net,127.0.0.1,562.5014204978943,100,"73_trial_index=0,alpha=4,anneal_lr=True,autotune=True,beta=0.0020,buffer_size=10000,capture_video=False,cuda=True,env_id=LunarLander-v2,eta=None,exp_name=QREPS,gamma=0.9900,num_envs=1,num_rollouts=6,num_updates=100,policy_lr_end=0,policy_lr_start=0.0025,q_lr_end=0,q_lr_start=0.0025,saddle_point_optimization=True,seed=1,target_entropy_scale=0.8900,torch_deterministic=True,total_timesteps=1000,track=False,update_epochs=300,update_policy_epochs=450,use_kl_loss=False,use_linear_schedule=False,wandb_entity=TFG,wandb_project_name=QREPS_CartPole-v1",QREPS,1,True,True,False,QREPS_CartPole-v1,TFG,False,LunarLander-v2,1000,100,10000,300,450,6,1,0.99,0.0025,0.0025,0,0,4,,0.002,True,0.89,False,True,True,False,0
44eee136,-156.0121292270976,1712619588,,True,100,2024-04-09_01-39-48,1.5607061386108398,190.63548874855042,33976,Nicolass-iMac.technicolor.net,127.0.0.1,190.63548874855042,100,"74_trial_index=0,alpha=8,anneal_lr=True,autotune=False,beta=0.0020,buffer_size=10000,capture_video=False,cuda=True,env_id=LunarLander-v2,eta=None,exp_name=QREPS,gamma=0.9900,num_envs=1,num_rollouts=8,num_updates=100,policy_lr_end=0,policy_lr_start=0.0025,q_lr_end=0,q_lr_start=0.0200,saddle_point_optimization=False,seed=1,target_entropy_scale=0.3500,torch_deterministic=True,total_timesteps=1000,track=False,update_epochs=100,update_policy_epochs=50,use_kl_loss=False,use_linear_schedule=False,wandb_entity=TFG,wandb_project_name=QREPS_CartPole-v1",QREPS,1,True,True,False,QREPS_CartPole-v1,TFG,False,LunarLander-v2,1000,100,10000,100,50,8,1,0.99,0.0025,0.02,0,0,8,,0.002,False,0.35,False,True,False,False,0
9c4772b2,-407.3509184172399,1712619666,,True,100,2024-04-09_01-41-06,1.7974011898040771,266.4136323928833,33980,Nicolass-iMac.technicolor.net,127.0.0.1,266.4136323928833,100,"75_trial_index=0,alpha=8,anneal_lr=False,autotune=False,beta=0.0020,buffer_size=10000,capture_video=False,cuda=True,env_id=LunarLander-v2,eta=None,exp_name=QREPS,gamma=0.9900,num_envs=1,num_rollouts=6,num_updates=100,policy_lr_end=0,policy_lr_start=0.0200,q_lr_end=0,q_lr_start=0.0025,saddle_point_optimization=False,seed=1,target_entropy_scale=0.3500,torch_deterministic=True,total_timesteps=1000,track=False,update_epochs=100,update_policy_epochs=300,use_kl_loss=False,use_linear_schedule=False,wandb_entity=TFG,wandb_project_name=QREPS_CartPole-v1",QREPS,1,True,True,False,QREPS_CartPole-v1,TFG,False,LunarLander-v2,1000,100,10000,100,300,6,1,0.99,0.02,0.0025,0,0,8,,0.002,False,0.35,False,False,False,False,0
cd4d6fb3,-1000.0,1712619465,,True,12,2024-04-09_01-37-45,1.5828430652618408,62.79342532157898,33981,Nicolass-iMac.technicolor.net,127.0.0.1,62.79342532157898,12,"76_trial_index=0,alpha=4,anneal_lr=False,autotune=False,beta=0.0100,buffer_size=10000,capture_video=False,cuda=True,env_id=LunarLander-v2,eta=None,exp_name=QREPS,gamma=0.9900,num_envs=1,num_rollouts=8,num_updates=100,policy_lr_end=0,policy_lr_start=0.0025,q_lr_end=0,q_lr_start=0.1000,saddle_point_optimization=False,seed=1,target_entropy_scale=0.8900,torch_deterministic=True,total_timesteps=1000,track=False,update_epochs=100,update_policy_epochs=300,use_kl_loss=False,use_linear_schedule=False,wandb_entity=TFG,wandb_project_name=QREPS_CartPole-v1",QREPS,1,True,True,False,QREPS_CartPole-v1,TFG,False,LunarLander-v2,1000,100,10000,100,300,8,1,0.99,0.0025,0.1,0,0,4,,0.01,False,0.89,False,False,False,False,0
0adb610b,-1000.0,1712620021,,True,23,2024-04-09_01-47-01,1.59906005859375,58.2648811340332,34428,Nicolass-iMac.technicolor.net,127.0.0.1,58.2648811340332,23,"77_trial_index=0,alpha=4,anneal_lr=False,autotune=False,beta=0.0020,buffer_size=10000,capture_video=False,cuda=True,env_id=LunarLander-v2,eta=None,exp_name=QREPS,gamma=0.9900,num_envs=1,num_rollouts=8,num_updates=100,policy_lr_end=0,policy_lr_start=0.0200,q_lr_end=0,q_lr_start=0.1000,saddle_point_optimization=False,seed=1,target_entropy_scale=0.5000,torch_deterministic=True,total_timesteps=1000,track=False,update_epochs=100,update_policy_epochs=50,use_kl_loss=False,use_linear_schedule=False,wandb_entity=TFG,wandb_project_name=QREPS_CartPole-v1",QREPS,1,True,True,False,QREPS_CartPole-v1,TFG,False,LunarLander-v2,1000,100,10000,100,50,8,1,0.99,0.02,0.1,0,0,4,,0.002,False,0.5,False,False,False,False,0
7a674de8,-1000.0,1712619978,,True,4,2024-04-09_01-46-18,0.6698660850524902,17.3795747756958,34436,Nicolass-iMac.technicolor.net,127.0.0.1,17.3795747756958,4,"78_trial_index=0,alpha=8,anneal_lr=False,autotune=True,beta=0.0100,buffer_size=10000,capture_video=False,cuda=True,env_id=LunarLander-v2,eta=None,exp_name=QREPS,gamma=0.9900,num_envs=1,num_rollouts=6,num_updates=100,policy_lr_end=0,policy_lr_start=0.0025,q_lr_end=0,q_lr_start=0.1000,saddle_point_optimization=True,seed=1,target_entropy_scale=0.5000,torch_deterministic=True,total_timesteps=1000,track=False,update_epochs=300,update_policy_epochs=50,use_kl_loss=False,use_linear_schedule=False,wandb_entity=TFG,wandb_project_name=QREPS_CartPole-v1",QREPS,1,True,True,False,QREPS_CartPole-v1,TFG,False,LunarLander-v2,1000,100,10000,300,50,6,1,0.99,0.0025,0.1,0,0,8,,0.01,True,0.5,False,False,True,False,0
d7316f0d,-1000.0,1712620102,,True,20,2024-04-09_01-48-22,1.1154348850250244,139.36436700820923,34437,Nicolass-iMac.technicolor.net,127.0.0.1,139.36436700820923,20,"79_trial_index=0,alpha=4,anneal_lr=True,autotune=True,beta=0.0100,buffer_size=10000,capture_video=False,cuda=True,env_id=LunarLander-v2,eta=None,exp_name=QREPS,gamma=0.9900,num_envs=1,num_rollouts=6,num_updates=100,policy_lr_end=0,policy_lr_start=0.0200,q_lr_end=0,q_lr_start=0.0025,saddle_point_optimization=True,seed=1,target_entropy_scale=0.8900,torch_deterministic=True,total_timesteps=1000,track=False,update_epochs=300,update_policy_epochs=300,use_kl_loss=False,use_linear_schedule=False,wandb_entity=TFG,wandb_project_name=QREPS_CartPole-v1",QREPS,1,True,True,False,QREPS_CartPole-v1,TFG,False,LunarLander-v2,1000,100,10000,300,300,6,1,0.99,0.02,0.0025,0,0,4,,0.01,True,0.89,False,True,True,False,0
af54364e,-526.7475283207152,1712620132,,True,100,2024-04-09_01-48-52,1.3213260173797607,165.26691484451294,34440,Nicolass-iMac.technicolor.net,127.0.0.1,165.26691484451294,100,"80_trial_index=0,alpha=4,anneal_lr=True,autotune=False,beta=0.0020,buffer_size=10000,capture_video=False,cuda=True,env_id=LunarLander-v2,eta=None,exp_name=QREPS,gamma=0.9900,num_envs=1,num_rollouts=8,num_updates=100,policy_lr_end=0,policy_lr_start=0.0200,q_lr_end=0,q_lr_start=0.0025,saddle_point_optimization=False,seed=1,target_entropy_scale=0.3500,torch_deterministic=True,total_timesteps=1000,track=False,update_epochs=100,update_policy_epochs=50,use_kl_loss=False,use_linear_schedule=False,wandb_entity=TFG,wandb_project_name=QREPS_CartPole-v1",QREPS,1,True,True,False,QREPS_CartPole-v1,TFG,False,LunarLander-v2,1000,100,10000,100,50,8,1,0.99,0.02,0.0025,0,0,4,,0.002,False,0.35,False,True,False,False,0
f9376c50,-809.3915126400445,1712621599,,True,100,2024-04-09_02-13-19,13.895233869552612,1628.607408285141,34444,Nicolass-iMac.technicolor.net,127.0.0.1,1628.607408285141,100,"81_trial_index=0,alpha=8,anneal_lr=True,autotune=False,beta=0.0100,buffer_size=10000,capture_video=False,cuda=True,env_id=LunarLander-v2,eta=None,exp_name=QREPS,gamma=0.9900,num_envs=1,num_rollouts=8,num_updates=100,policy_lr_end=0,policy_lr_start=0.0200,q_lr_end=0,q_lr_start=0.0025,saddle_point_optimization=False,seed=1,target_entropy_scale=0.5000,torch_deterministic=True,total_timesteps=1000,track=False,update_epochs=300,update_policy_epochs=300,use_kl_loss=False,use_linear_schedule=False,wandb_entity=TFG,wandb_project_name=QREPS_CartPole-v1",QREPS,1,True,True,False,QREPS_CartPole-v1,TFG,False,LunarLander-v2,1000,100,10000,300,300,8,1,0.99,0.02,0.0025,0,0,8,,0.01,False,0.5,False,True,False,False,0
7ae21bbd,-394.9602801181246,1712620656,,True,100,2024-04-09_01-57-36,5.839959144592285,682.9126899242401,34449,Nicolass-iMac.technicolor.net,127.0.0.1,682.9126899242401,100,"82_trial_index=0,alpha=4,anneal_lr=True,autotune=False,beta=0.0020,buffer_size=10000,capture_video=False,cuda=True,env_id=LunarLander-v2,eta=None,exp_name=QREPS,gamma=0.9900,num_envs=1,num_rollouts=8,num_updates=100,policy_lr_end=0,policy_lr_start=0.0025,q_lr_end=0,q_lr_start=0.0025,saddle_point_optimization=True,seed=1,target_entropy_scale=0.3500,torch_deterministic=True,total_timesteps=1000,track=False,update_epochs=100,update_policy_epochs=450,use_kl_loss=False,use_linear_schedule=False,wandb_entity=TFG,wandb_project_name=QREPS_CartPole-v1",QREPS,1,True,True,False,QREPS_CartPole-v1,TFG,False,LunarLander-v2,1000,100,10000,100,450,8,1,0.99,0.0025,0.0025,0,0,4,,0.002,False,0.35,False,True,True,False,0
52347ca3,-156.40888400909466,1712620687,,True,100,2024-04-09_01-58-07,6.21868896484375,710.9795663356781,34454,Nicolass-iMac.technicolor.net,127.0.0.1,710.9795663356781,100,"83_trial_index=0,alpha=8,anneal_lr=True,autotune=False,beta=0.0020,buffer_size=10000,capture_video=False,cuda=True,env_id=LunarLander-v2,eta=None,exp_name=QREPS,gamma=0.9900,num_envs=1,num_rollouts=4,num_updates=100,policy_lr_end=0,policy_lr_start=0.0025,q_lr_end=0,q_lr_start=0.0025,saddle_point_optimization=True,seed=1,target_entropy_scale=0.2000,torch_deterministic=True,total_timesteps=1000,track=False,update_epochs=300,update_policy_epochs=450,use_kl_loss=True,use_linear_schedule=False,wandb_entity=TFG,wandb_project_name=QREPS_CartPole-v1",QREPS,1,True,True,False,QREPS_CartPole-v1,TFG,False,LunarLander-v2,1000,100,10000,300,450,4,1,0.99,0.0025,0.0025,0,0,8,,0.002,False,0.2,False,True,True,True,0
fa118445,-623.561164702063,1712620186,,True,100,2024-04-09_01-49-46,1.686744213104248,206.77474427223206,34460,Nicolass-iMac.technicolor.net,127.0.0.1,206.77474427223206,100,"84_trial_index=0,alpha=8,anneal_lr=True,autotune=False,beta=0.1000,buffer_size=10000,capture_video=False,cuda=True,env_id=LunarLander-v2,eta=None,exp_name=QREPS,gamma=0.9900,num_envs=1,num_rollouts=4,num_updates=100,policy_lr_end=0,policy_lr_start=0.0200,q_lr_end=0,q_lr_start=0.0200,saddle_point_optimization=False,seed=1,target_entropy_scale=0.2000,torch_deterministic=True,total_timesteps=1000,track=False,update_epochs=300,update_policy_epochs=50,use_kl_loss=True,use_linear_schedule=False,wandb_entity=TFG,wandb_project_name=QREPS_CartPole-v1",QREPS,1,True,True,False,QREPS_CartPole-v1,TFG,False,LunarLander-v2,1000,100,10000,300,50,4,1,0.99,0.02,0.02,0,0,8,,0.1,False,0.2,False,True,False,True,0
c2099578,-1000.0,1712621656,,True,11,2024-04-09_02-14-16,0.3291301727294922,53.58647012710571,35461,Nicolass-iMac.technicolor.net,127.0.0.1,53.58647012710571,11,"85_trial_index=0,alpha=8,anneal_lr=False,autotune=False,beta=0.0100,buffer_size=10000,capture_video=False,cuda=True,env_id=LunarLander-v2,eta=None,exp_name=QREPS,gamma=0.9900,num_envs=1,num_rollouts=4,num_updates=100,policy_lr_end=0,policy_lr_start=0.0200,q_lr_end=0,q_lr_start=0.0200,saddle_point_optimization=True,seed=1,target_entropy_scale=0.8900,torch_deterministic=True,total_timesteps=1000,track=False,update_epochs=300,update_policy_epochs=450,use_kl_loss=True,use_linear_schedule=False,wandb_entity=TFG,wandb_project_name=QREPS_CartPole-v1",QREPS,1,True,True,False,QREPS_CartPole-v1,TFG,False,LunarLander-v2,1000,100,10000,300,450,4,1,0.99,0.02,0.02,0,0,8,,0.01,False,0.89,False,False,True,True,0
4e227da8,-1000.0,1712621622,,True,6,2024-04-09_02-13-42,0.38238000869750977,15.872298955917358,35464,Nicolass-iMac.technicolor.net,127.0.0.1,15.872298955917358,6,"86_trial_index=0,alpha=4,anneal_lr=False,autotune=False,beta=0.1000,buffer_size=10000,capture_video=False,cuda=True,env_id=LunarLander-v2,eta=None,exp_name=QREPS,gamma=0.9900,num_envs=1,num_rollouts=8,num_updates=100,policy_lr_end=0,policy_lr_start=0.0025,q_lr_end=0,q_lr_start=0.0200,saddle_point_optimization=True,seed=1,target_entropy_scale=0.3500,torch_deterministic=True,total_timesteps=1000,track=False,update_epochs=100,update_policy_epochs=50,use_kl_loss=False,use_linear_schedule=False,wandb_entity=TFG,wandb_project_name=QREPS_CartPole-v1",QREPS,1,True,True,False,QREPS_CartPole-v1,TFG,False,LunarLander-v2,1000,100,10000,100,50,8,1,0.99,0.0025,0.02,0,0,4,,0.1,False,0.35,False,False,True,False,0
1e90af6d,-424.4411292433028,1712622366,,True,100,2024-04-09_02-26-06,9.056576013565063,758.6942179203033,35465,Nicolass-iMac.technicolor.net,127.0.0.1,758.6942179203033,100,"87_trial_index=0,alpha=4,anneal_lr=False,autotune=False,beta=0.1000,buffer_size=10000,capture_video=False,cuda=True,env_id=LunarLander-v2,eta=None,exp_name=QREPS,gamma=0.9900,num_envs=1,num_rollouts=6,num_updates=100,policy_lr_end=0,policy_lr_start=0.0025,q_lr_end=0,q_lr_start=0.0025,saddle_point_optimization=False,seed=1,target_entropy_scale=0.3500,torch_deterministic=True,total_timesteps=1000,track=False,update_epochs=100,update_policy_epochs=450,use_kl_loss=True,use_linear_schedule=False,wandb_entity=TFG,wandb_project_name=QREPS_CartPole-v1",QREPS,1,True,True,False,QREPS_CartPole-v1,TFG,False,LunarLander-v2,1000,100,10000,100,450,6,1,0.99,0.0025,0.0025,0,0,4,,0.1,False,0.35,False,False,False,True,0
626ee4ed,-230.976848397288,1712622133,,True,100,2024-04-09_02-22-13,4.19001579284668,525.9948081970215,35468,Nicolass-iMac.technicolor.net,127.0.0.1,525.9948081970215,100,"88_trial_index=0,alpha=6,anneal_lr=False,autotune=False,beta=0.0100,buffer_size=10000,capture_video=False,cuda=True,env_id=LunarLander-v2,eta=None,exp_name=QREPS,gamma=0.9900,num_envs=1,num_rollouts=4,num_updates=100,policy_lr_end=0,policy_lr_start=0.0025,q_lr_end=0,q_lr_start=0.0025,saddle_point_optimization=False,seed=1,target_entropy_scale=0.2000,torch_deterministic=True,total_timesteps=1000,track=False,update_epochs=300,update_policy_epochs=450,use_kl_loss=False,use_linear_schedule=False,wandb_entity=TFG,wandb_project_name=QREPS_CartPole-v1",QREPS,1,True,True,False,QREPS_CartPole-v1,TFG,False,LunarLander-v2,1000,100,10000,300,450,4,1,0.99,0.0025,0.0025,0,0,6,,0.01,False,0.2,False,False,False,False,0
429baf8d,-1000.0,1712621671,,True,21,2024-04-09_02-14-31,0.46463990211486816,58.36572813987732,35478,Nicolass-iMac.technicolor.net,127.0.0.1,58.36572813987732,21,"89_trial_index=0,alpha=2,anneal_lr=False,autotune=False,beta=0.0020,buffer_size=10000,capture_video=False,cuda=True,env_id=LunarLander-v2,eta=None,exp_name=QREPS,gamma=0.9900,num_envs=1,num_rollouts=4,num_updates=100,policy_lr_end=0,policy_lr_start=0.0025,q_lr_end=0,q_lr_start=0.0200,saddle_point_optimization=False,seed=1,target_entropy_scale=0.3500,torch_deterministic=True,total_timesteps=1000,track=False,update_epochs=50,update_policy_epochs=450,use_kl_loss=False,use_linear_schedule=False,wandb_entity=TFG,wandb_project_name=QREPS_CartPole-v1",QREPS,1,True,True,False,QREPS_CartPole-v1,TFG,False,LunarLander-v2,1000,100,10000,50,450,4,1,0.99,0.0025,0.02,0,0,2,,0.002,False,0.35,False,False,False,False,0
20cb4824,-179.88910086549726,1712621949,,True,100,2024-04-09_02-19-09,2.811859130859375,333.1363925933838,35483,Nicolass-iMac.technicolor.net,127.0.0.1,333.1363925933838,100,"90_trial_index=0,alpha=4,anneal_lr=True,autotune=False,beta=0.0020,buffer_size=10000,capture_video=False,cuda=True,env_id=LunarLander-v2,eta=None,exp_name=QREPS,gamma=0.9900,num_envs=1,num_rollouts=4,num_updates=100,policy_lr_end=0,policy_lr_start=0.0025,q_lr_end=0,q_lr_start=0.0200,saddle_point_optimization=False,seed=1,target_entropy_scale=0.3500,torch_deterministic=True,total_timesteps=1000,track=False,update_epochs=100,update_policy_epochs=450,use_kl_loss=False,use_linear_schedule=False,wandb_entity=TFG,wandb_project_name=QREPS_CartPole-v1",QREPS,1,True,True,False,QREPS_CartPole-v1,TFG,False,LunarLander-v2,1000,100,10000,100,450,4,1,0.99,0.0025,0.02,0,0,4,,0.002,False,0.35,False,True,False,False,0
2bce3804,-347.8907477545397,1712621897,,True,100,2024-04-09_02-18-17,2.605358123779297,278.57238125801086,35486,Nicolass-iMac.technicolor.net,127.0.0.1,278.57238125801086,100,"91_trial_index=0,alpha=8,anneal_lr=True,autotune=False,beta=0.0020,buffer_size=10000,capture_video=False,cuda=True,env_id=LunarLander-v2,eta=None,exp_name=QREPS,gamma=0.9900,num_envs=1,num_rollouts=6,num_updates=100,policy_lr_end=0,policy_lr_start=0.0200,q_lr_end=0,q_lr_start=0.0200,saddle_point_optimization=False,seed=1,target_entropy_scale=0.3500,torch_deterministic=True,total_timesteps=1000,track=False,update_epochs=5,update_policy_epochs=450,use_kl_loss=False,use_linear_schedule=False,wandb_entity=TFG,wandb_project_name=QREPS_CartPole-v1",QREPS,1,True,True,False,QREPS_CartPole-v1,TFG,False,LunarLander-v2,1000,100,10000,5,450,6,1,0.99,0.02,0.02,0,0,8,,0.002,False,0.35,False,True,False,False,0
62cc7886,-38.947152813593306,1712622417,,True,100,2024-04-09_02-26-57,6.469593048095703,795.6176187992096,35489,Nicolass-iMac.technicolor.net,127.0.0.1,795.6176187992096,100,"92_trial_index=0,alpha=4,anneal_lr=True,autotune=False,beta=0.0020,buffer_size=10000,capture_video=False,cuda=True,env_id=LunarLander-v2,eta=None,exp_name=QREPS,gamma=0.9900,num_envs=1,num_rollouts=8,num_updates=100,policy_lr_end=0,policy_lr_start=0.0025,q_lr_end=0,q_lr_start=0.0200,saddle_point_optimization=False,seed=1,target_entropy_scale=0.2000,torch_deterministic=True,total_timesteps=1000,track=False,update_epochs=300,update_policy_epochs=450,use_kl_loss=False,use_linear_schedule=False,wandb_entity=TFG,wandb_project_name=QREPS_CartPole-v1",QREPS,1,True,True,False,QREPS_CartPole-v1,TFG,False,LunarLander-v2,1000,100,10000,300,450,8,1,0.99,0.0025,0.02,0,0,4,,0.002,False,0.2,False,True,False,False,0
ad4c1429,-502.0454648409945,1712622850,,True,100,2024-04-09_02-34-10,3.758662223815918,426.79796719551086,36067,Nicolass-iMac.technicolor.net,127.0.0.1,426.79796719551086,100,"93_trial_index=0,alpha=6,anneal_lr=True,autotune=False,beta=0.0020,buffer_size=10000,capture_video=False,cuda=True,env_id=LunarLander-v2,eta=None,exp_name=QREPS,gamma=0.9900,num_envs=1,num_rollouts=6,num_updates=100,policy_lr_end=0,policy_lr_start=0.0200,q_lr_end=0,q_lr_start=0.0200,saddle_point_optimization=False,seed=1,target_entropy_scale=0.8900,torch_deterministic=True,total_timesteps=1000,track=False,update_epochs=5,update_policy_epochs=450,use_kl_loss=False,use_linear_schedule=False,wandb_entity=TFG,wandb_project_name=QREPS_CartPole-v1",QREPS,1,True,True,False,QREPS_CartPole-v1,TFG,False,LunarLander-v2,1000,100,10000,5,450,6,1,0.99,0.02,0.02,0,0,6,,0.002,False,0.89,False,True,False,False,0
ff57eed6,-338.1244938341989,1712623361,,True,100,2024-04-09_02-42-41,4.915362119674683,936.7529118061066,36068,Nicolass-iMac.technicolor.net,127.0.0.1,936.7529118061066,100,"94_trial_index=0,alpha=8,anneal_lr=True,autotune=False,beta=0.0020,buffer_size=10000,capture_video=False,cuda=True,env_id=LunarLander-v2,eta=None,exp_name=QREPS,gamma=0.9900,num_envs=1,num_rollouts=8,num_updates=100,policy_lr_end=0,policy_lr_start=0.0025,q_lr_end=0,q_lr_start=0.0200,saddle_point_optimization=False,seed=1,target_entropy_scale=0.3500,torch_deterministic=True,total_timesteps=1000,track=False,update_epochs=50,update_policy_epochs=450,use_kl_loss=False,use_linear_schedule=False,wandb_entity=TFG,wandb_project_name=QREPS_CartPole-v1",QREPS,1,True,True,False,QREPS_CartPole-v1,TFG,False,LunarLander-v2,1000,100,10000,50,450,8,1,0.99,0.0025,0.02,0,0,8,,0.002,False,0.35,False,True,False,False,0
e7692f68,-462.26634111980337,1712623040,,True,100,2024-04-09_02-37-20,4.5949387550354,614.4678113460541,36070,Nicolass-iMac.technicolor.net,127.0.0.1,614.4678113460541,100,"95_trial_index=0,alpha=6,anneal_lr=True,autotune=False,beta=0.0020,buffer_size=10000,capture_video=False,cuda=True,env_id=LunarLander-v2,eta=None,exp_name=QREPS,gamma=0.9900,num_envs=1,num_rollouts=6,num_updates=100,policy_lr_end=0,policy_lr_start=0.0025,q_lr_end=0,q_lr_start=0.0200,saddle_point_optimization=False,seed=1,target_entropy_scale=0.2000,torch_deterministic=True,total_timesteps=1000,track=False,update_epochs=5,update_policy_epochs=450,use_kl_loss=False,use_linear_schedule=False,wandb_entity=TFG,wandb_project_name=QREPS_CartPole-v1",QREPS,1,True,True,False,QREPS_CartPole-v1,TFG,False,LunarLander-v2,1000,100,10000,5,450,6,1,0.99,0.0025,0.02,0,0,6,,0.002,False,0.2,False,True,False,False,0
994a0c61,-274.2508779718587,1712625111,,True,100,2024-04-09_03-11-51,29.039233922958374,2686.7081809043884,36073,Nicolass-iMac.technicolor.net,127.0.0.1,2686.7081809043884,100,"96_trial_index=0,alpha=6,anneal_lr=False,autotune=False,beta=0.0020,buffer_size=10000,capture_video=False,cuda=True,env_id=LunarLander-v2,eta=None,exp_name=QREPS,gamma=0.9900,num_envs=1,num_rollouts=6,num_updates=100,policy_lr_end=0,policy_lr_start=0.0200,q_lr_end=0,q_lr_start=0.0200,saddle_point_optimization=False,seed=1,target_entropy_scale=0.3500,torch_deterministic=True,total_timesteps=1000,track=False,update_epochs=300,update_policy_epochs=450,use_kl_loss=False,use_linear_schedule=False,wandb_entity=TFG,wandb_project_name=QREPS_CartPole-v1",QREPS,1,True,True,False,QREPS_CartPole-v1,TFG,False,LunarLander-v2,1000,100,10000,300,450,6,1,0.99,0.02,0.02,0,0,6,,0.002,False,0.35,False,False,False,False,0
3c65ca2a,-312.78546062171154,1712622846,,True,100,2024-04-09_02-34-06,3.765048027038574,414.93211817741394,36076,Nicolass-iMac.technicolor.net,127.0.0.1,414.93211817741394,100,"97_trial_index=0,alpha=8,anneal_lr=True,autotune=False,beta=0.0020,buffer_size=10000,capture_video=False,cuda=True,env_id=LunarLander-v2,eta=None,exp_name=QREPS,gamma=0.9900,num_envs=1,num_rollouts=6,num_updates=100,policy_lr_end=0,policy_lr_start=0.0025,q_lr_end=0,q_lr_start=0.0025,saddle_point_optimization=False,seed=1,target_entropy_scale=0.8900,torch_deterministic=True,total_timesteps=1000,track=False,update_epochs=5,update_policy_epochs=450,use_kl_loss=True,use_linear_schedule=False,wandb_entity=TFG,wandb_project_name=QREPS_CartPole-v1",QREPS,1,True,True,False,QREPS_CartPole-v1,TFG,False,LunarLander-v2,1000,100,10000,5,450,6,1,0.99,0.0025,0.0025,0,0,8,,0.002,False,0.89,False,True,False,True,0
5480967a,-1000.0,1712622613,,True,26,2024-04-09_02-30-13,1.68937087059021,180.22709679603577,36082,Nicolass-iMac.technicolor.net,127.0.0.1,180.22709679603577,26,"98_trial_index=0,alpha=4,anneal_lr=False,autotune=False,beta=0.0020,buffer_size=10000,capture_video=False,cuda=True,env_id=LunarLander-v2,eta=None,exp_name=QREPS,gamma=0.9900,num_envs=1,num_rollouts=6,num_updates=100,policy_lr_end=0,policy_lr_start=0.0025,q_lr_end=0,q_lr_start=0.0200,saddle_point_optimization=False,seed=1,target_entropy_scale=0.3500,torch_deterministic=True,total_timesteps=1000,track=False,update_epochs=100,update_policy_epochs=450,use_kl_loss=False,use_linear_schedule=False,wandb_entity=TFG,wandb_project_name=QREPS_CartPole-v1",QREPS,1,True,True,False,QREPS_CartPole-v1,TFG,False,LunarLander-v2,1000,100,10000,100,450,6,1,0.99,0.0025,0.02,0,0,4,,0.002,False,0.35,False,False,False,False,0
e65dbacd,-454.76188263789624,1712623082,,True,100,2024-04-09_02-38-02,3.8337490558624268,645.7705886363983,36086,Nicolass-iMac.technicolor.net,127.0.0.1,645.7705886363983,100,"99_trial_index=0,alpha=4,anneal_lr=True,autotune=False,beta=0.0020,buffer_size=10000,capture_video=False,cuda=True,env_id=LunarLander-v2,eta=None,exp_name=QREPS,gamma=0.9900,num_envs=1,num_rollouts=8,num_updates=100,policy_lr_end=0,policy_lr_start=0.0025,q_lr_end=0,q_lr_start=0.0200,saddle_point_optimization=False,seed=1,target_entropy_scale=0.3500,torch_deterministic=True,total_timesteps=1000,track=False,update_epochs=5,update_policy_epochs=450,use_kl_loss=False,use_linear_schedule=False,wandb_entity=TFG,wandb_project_name=QREPS_CartPole-v1",QREPS,1,True,True,False,QREPS_CartPole-v1,TFG,False,LunarLander-v2,1000,100,10000,5,450,8,1,0.99,0.0025,0.02,0,0,4,,0.002,False,0.35,False,True,False,False,0
8a5a1267,-403.50120057460896,1712623022,,True,100,2024-04-09_02-37-02,5.097563028335571,583.0601840019226,36089,Nicolass-iMac.technicolor.net,127.0.0.1,583.0601840019226,100,"100_trial_index=0,alpha=8,anneal_lr=False,autotune=False,beta=0.0020,buffer_size=10000,capture_video=False,cuda=True,env_id=LunarLander-v2,eta=None,exp_name=QREPS,gamma=0.9900,num_envs=1,num_rollouts=6,num_updates=100,policy_lr_end=0,policy_lr_start=0.0025,q_lr_end=0,q_lr_start=0.0200,saddle_point_optimization=False,seed=1,target_entropy_scale=0.3500,torch_deterministic=True,total_timesteps=1000,track=False,update_epochs=5,update_policy_epochs=450,use_kl_loss=True,use_linear_schedule=False,wandb_entity=TFG,wandb_project_name=QREPS_CartPole-v1",QREPS,1,True,True,False,QREPS_CartPole-v1,TFG,False,LunarLander-v2,1000,100,10000,5,450,6,1,0.99,0.0025,0.02,0,0,8,,0.002,False,0.35,False,False,False,True,0
a0012e31,-426.66695548636335,1712625819,,True,100,2024-04-09_03-23-39,5.8733439445495605,705.5681231021881,37532,Nicolass-iMac.technicolor.net,127.0.0.1,705.5681231021881,100,"101_trial_index=0,alpha=8,anneal_lr=False,autotune=False,beta=0.0020,buffer_size=10000,capture_video=False,cuda=True,env_id=LunarLander-v2,eta=None,exp_name=QREPS,gamma=0.9900,num_envs=1,num_rollouts=8,num_updates=100,policy_lr_end=0,policy_lr_start=0.0025,q_lr_end=0,q_lr_start=0.0200,saddle_point_optimization=False,seed=1,target_entropy_scale=0.3500,torch_deterministic=True,total_timesteps=1000,track=False,update_epochs=100,update_policy_epochs=450,use_kl_loss=False,use_linear_schedule=False,wandb_entity=TFG,wandb_project_name=QREPS_CartPole-v1",QREPS,1,True,True,False,QREPS_CartPole-v1,TFG,False,LunarLander-v2,1000,100,10000,100,450,8,1,0.99,0.0025,0.02,0,0,8,,0.002,False,0.35,False,False,False,False,0
e5a99b2e,-191.77128954800412,1712626774,,True,100,2024-04-09_03-39-34,25.39684009552002,1657.0192601680756,37535,Nicolass-iMac.technicolor.net,127.0.0.1,1657.0192601680756,100,"102_trial_index=0,alpha=4,anneal_lr=True,autotune=False,beta=0.0020,buffer_size=10000,capture_video=False,cuda=True,env_id=LunarLander-v2,eta=None,exp_name=QREPS,gamma=0.9900,num_envs=1,num_rollouts=8,num_updates=100,policy_lr_end=0,policy_lr_start=0.0025,q_lr_end=0,q_lr_start=0.0025,saddle_point_optimization=False,seed=1,target_entropy_scale=0.5000,torch_deterministic=True,total_timesteps=1000,track=False,update_epochs=300,update_policy_epochs=450,use_kl_loss=True,use_linear_schedule=False,wandb_entity=TFG,wandb_project_name=QREPS_CartPole-v1",QREPS,1,True,True,False,QREPS_CartPole-v1,TFG,False,LunarLander-v2,1000,100,10000,300,450,8,1,0.99,0.0025,0.0025,0,0,4,,0.002,False,0.5,False,True,False,True,0
bf7004a8,-187.9980126746954,1712625801,,True,100,2024-04-09_03-23-21,6.477534055709839,682.6769058704376,37537,Nicolass-iMac.technicolor.net,127.0.0.1,682.6769058704376,100,"103_trial_index=0,alpha=8,anneal_lr=True,autotune=False,beta=0.0020,buffer_size=10000,capture_video=False,cuda=True,env_id=LunarLander-v2,eta=None,exp_name=QREPS,gamma=0.9900,num_envs=1,num_rollouts=8,num_updates=100,policy_lr_end=0,policy_lr_start=0.0025,q_lr_end=0,q_lr_start=0.0200,saddle_point_optimization=False,seed=1,target_entropy_scale=0.8900,torch_deterministic=True,total_timesteps=1000,track=False,update_epochs=100,update_policy_epochs=450,use_kl_loss=False,use_linear_schedule=False,wandb_entity=TFG,wandb_project_name=QREPS_CartPole-v1",QREPS,1,True,True,False,QREPS_CartPole-v1,TFG,False,LunarLander-v2,1000,100,10000,100,450,8,1,0.99,0.0025,0.02,0,0,8,,0.002,False,0.89,False,True,False,False,0
421be7f8,-667.1579819667622,1712625679,,True,100,2024-04-09_03-21-19,4.764465808868408,559.6787180900574,37538,Nicolass-iMac.technicolor.net,127.0.0.1,559.6787180900574,100,"104_trial_index=0,alpha=4,anneal_lr=False,autotune=False,beta=0.0020,buffer_size=10000,capture_video=False,cuda=True,env_id=LunarLander-v2,eta=None,exp_name=QREPS,gamma=0.9900,num_envs=1,num_rollouts=8,num_updates=100,policy_lr_end=0,policy_lr_start=0.0025,q_lr_end=0,q_lr_start=0.0200,saddle_point_optimization=False,seed=1,target_entropy_scale=0.8900,torch_deterministic=True,total_timesteps=1000,track=False,update_epochs=5,update_policy_epochs=450,use_kl_loss=False,use_linear_schedule=False,wandb_entity=TFG,wandb_project_name=QREPS_CartPole-v1",QREPS,1,True,True,False,QREPS_CartPole-v1,TFG,False,LunarLander-v2,1000,100,10000,5,450,8,1,0.99,0.0025,0.02,0,0,4,,0.002,False,0.89,False,False,False,False,0
7b214a64,-1000.0,1712625305,,True,17,2024-04-09_03-15-05,1.5506901741027832,179.96398043632507,37543,Nicolass-iMac.technicolor.net,127.0.0.1,179.96398043632507,17,"105_trial_index=0,alpha=2,anneal_lr=True,autotune=False,beta=0.0100,buffer_size=10000,capture_video=False,cuda=True,env_id=LunarLander-v2,eta=None,exp_name=QREPS,gamma=0.9900,num_envs=1,num_rollouts=8,num_updates=100,policy_lr_end=0,policy_lr_start=0.0025,q_lr_end=0,q_lr_start=0.0025,saddle_point_optimization=True,seed=1,target_entropy_scale=0.5000,torch_deterministic=True,total_timesteps=1000,track=False,update_epochs=300,update_policy_epochs=50,use_kl_loss=True,use_linear_schedule=False,wandb_entity=TFG,wandb_project_name=QREPS_CartPole-v1",QREPS,1,True,True,False,QREPS_CartPole-v1,TFG,False,LunarLander-v2,1000,100,10000,300,50,8,1,0.99,0.0025,0.0025,0,0,2,,0.01,False,0.5,False,True,True,True,0
6b8dec83,-1000.0,1712625133,,True,3,2024-04-09_03-12-13,0.48558712005615234,5.41387414932251,37545,Nicolass-iMac.technicolor.net,127.0.0.1,5.41387414932251,3,"106_trial_index=0,alpha=2,anneal_lr=True,autotune=False,beta=0.0100,buffer_size=10000,capture_video=False,cuda=True,env_id=LunarLander-v2,eta=None,exp_name=QREPS,gamma=0.9900,num_envs=1,num_rollouts=6,num_updates=100,policy_lr_end=0,policy_lr_start=0.0025,q_lr_end=0,q_lr_start=0.0200,saddle_point_optimization=True,seed=1,target_entropy_scale=0.3500,torch_deterministic=True,total_timesteps=1000,track=False,update_epochs=100,update_policy_epochs=50,use_kl_loss=True,use_linear_schedule=False,wandb_entity=TFG,wandb_project_name=QREPS_CartPole-v1",QREPS,1,True,True,False,QREPS_CartPole-v1,TFG,False,LunarLander-v2,1000,100,10000,100,50,6,1,0.99,0.0025,0.02,0,0,2,,0.01,False,0.35,False,True,True,True,0
53a4cafe,-1000.0,1712625483,,True,27,2024-04-09_03-18-03,7.901299953460693,352.62798023223877,37548,Nicolass-iMac.technicolor.net,127.0.0.1,352.62798023223877,27,"107_trial_index=0,alpha=6,anneal_lr=True,autotune=False,beta=0.0100,buffer_size=10000,capture_video=False,cuda=True,env_id=LunarLander-v2,eta=None,exp_name=QREPS,gamma=0.9900,num_envs=1,num_rollouts=6,num_updates=100,policy_lr_end=0,policy_lr_start=0.0025,q_lr_end=0,q_lr_start=0.1000,saddle_point_optimization=False,seed=1,target_entropy_scale=0.3500,torch_deterministic=True,total_timesteps=1000,track=False,update_epochs=100,update_policy_epochs=450,use_kl_loss=True,use_linear_schedule=False,wandb_entity=TFG,wandb_project_name=QREPS_CartPole-v1",QREPS,1,True,True,False,QREPS_CartPole-v1,TFG,False,LunarLander-v2,1000,100,10000,100,450,6,1,0.99,0.0025,0.1,0,0,6,,0.01,False,0.35,False,True,False,True,0
75821ed2,-340.5557485684169,1712625303,,True,100,2024-04-09_03-15-03,1.5838489532470703,169.75072360038757,37553,Nicolass-iMac.technicolor.net,127.0.0.1,169.75072360038757,100,"108_trial_index=0,alpha=4,anneal_lr=True,autotune=False,beta=0.0100,buffer_size=10000,capture_video=False,cuda=True,env_id=LunarLander-v2,eta=None,exp_name=QREPS,gamma=0.9900,num_envs=1,num_rollouts=6,num_updates=100,policy_lr_end=0,policy_lr_start=0.0025,q_lr_end=0,q_lr_start=0.0025,saddle_point_optimization=False,seed=1,target_entropy_scale=0.3500,torch_deterministic=True,total_timesteps=1000,track=False,update_epochs=100,update_policy_epochs=50,use_kl_loss=True,use_linear_schedule=False,wandb_entity=TFG,wandb_project_name=QREPS_CartPole-v1",QREPS,1,True,True,False,QREPS_CartPole-v1,TFG,False,LunarLander-v2,1000,100,10000,100,50,6,1,0.99,0.0025,0.0025,0,0,4,,0.01,False,0.35,False,True,False,True,0
84023216,-1000.0,1712627130,,True,31,2024-04-09_03-45-30,0.6699647903442383,353.1070086956024,38460,Nicolass-iMac.technicolor.net,127.0.0.1,353.1070086956024,31,"109_trial_index=0,alpha=6,anneal_lr=True,autotune=False,beta=0.0100,buffer_size=10000,capture_video=False,cuda=True,env_id=LunarLander-v2,eta=None,exp_name=QREPS,gamma=0.9900,num_envs=1,num_rollouts=8,num_updates=100,policy_lr_end=0,policy_lr_start=0.0025,q_lr_end=0,q_lr_start=0.0025,saddle_point_optimization=True,seed=1,target_entropy_scale=0.2000,torch_deterministic=True,total_timesteps=1000,track=False,update_epochs=300,update_policy_epochs=50,use_kl_loss=False,use_linear_schedule=False,wandb_entity=TFG,wandb_project_name=QREPS_CartPole-v1",QREPS,1,True,True,False,QREPS_CartPole-v1,TFG,False,LunarLander-v2,1000,100,10000,300,50,8,1,0.99,0.0025,0.0025,0,0,6,,0.01,False,0.2,False,True,True,False,0
392307c8,-1000.0,1712626780,,True,2,2024-04-09_03-39-40,0.9736850261688232,2.346806049346924,38464,Nicolass-iMac.technicolor.net,127.0.0.1,2.346806049346924,2,"110_trial_index=0,alpha=2,anneal_lr=True,autotune=False,beta=0.0020,buffer_size=10000,capture_video=False,cuda=True,env_id=LunarLander-v2,eta=None,exp_name=QREPS,gamma=0.9900,num_envs=1,num_rollouts=6,num_updates=100,policy_lr_end=0,policy_lr_start=0.0025,q_lr_end=0,q_lr_start=0.0200,saddle_point_optimization=True,seed=1,target_entropy_scale=0.3500,torch_deterministic=True,total_timesteps=1000,track=False,update_epochs=100,update_policy_epochs=50,use_kl_loss=True,use_linear_schedule=False,wandb_entity=TFG,wandb_project_name=QREPS_CartPole-v1",QREPS,1,True,True,False,QREPS_CartPole-v1,TFG,False,LunarLander-v2,1000,100,10000,100,50,6,1,0.99,0.0025,0.02,0,0,2,,0.002,False,0.35,False,True,True,True,0
f1d6b0e5,-102.64281052612871,1712627502,,True,100,2024-04-09_03-51-42,6.147456169128418,721.0027511119843,38465,Nicolass-iMac.technicolor.net,127.0.0.1,721.0027511119843,100,"111_trial_index=0,alpha=6,anneal_lr=True,autotune=False,beta=0.0020,buffer_size=10000,capture_video=False,cuda=True,env_id=LunarLander-v2,eta=None,exp_name=QREPS,gamma=0.9900,num_envs=1,num_rollouts=6,num_updates=100,policy_lr_end=0,policy_lr_start=0.0025,q_lr_end=0,q_lr_start=0.0200,saddle_point_optimization=False,seed=1,target_entropy_scale=0.3500,torch_deterministic=True,total_timesteps=1000,track=False,update_epochs=300,update_policy_epochs=450,use_kl_loss=False,use_linear_schedule=False,wandb_entity=TFG,wandb_project_name=QREPS_CartPole-v1",QREPS,1,True,True,False,QREPS_CartPole-v1,TFG,False,LunarLander-v2,1000,100,10000,300,450,6,1,0.99,0.0025,0.02,0,0,6,,0.002,False,0.35,False,True,False,False,0
e864cdff,4.531628128846093,1712628437,,True,100,2024-04-09_04-07-17,20.306550979614258,1654.0906810760498,38466,Nicolass-iMac.technicolor.net,127.0.0.1,1654.0906810760498,100,"112_trial_index=0,alpha=6,anneal_lr=True,autotune=False,beta=0.0100,buffer_size=10000,capture_video=False,cuda=True,env_id=LunarLander-v2,eta=None,exp_name=QREPS,gamma=0.9900,num_envs=1,num_rollouts=6,num_updates=100,policy_lr_end=0,policy_lr_start=0.0025,q_lr_end=0,q_lr_start=0.0200,saddle_point_optimization=False,seed=1,target_entropy_scale=0.3500,torch_deterministic=True,total_timesteps=1000,track=False,update_epochs=300,update_policy_epochs=50,use_kl_loss=True,use_linear_schedule=False,wandb_entity=TFG,wandb_project_name=QREPS_CartPole-v1",QREPS,1,True,True,False,QREPS_CartPole-v1,TFG,False,LunarLander-v2,1000,100,10000,300,50,6,1,0.99,0.0025,0.02,0,0,6,,0.01,False,0.35,False,True,False,True,0
5fa9d78b,7.922340685016067,1712628712,,True,100,2024-04-09_04-11-52,17.57086420059204,1924.4536089897156,38469,Nicolass-iMac.technicolor.net,127.0.0.1,1924.4536089897156,100,"113_trial_index=0,alpha=4,anneal_lr=True,autotune=False,beta=0.0100,buffer_size=10000,capture_video=False,cuda=True,env_id=LunarLander-v2,eta=None,exp_name=QREPS,gamma=0.9900,num_envs=1,num_rollouts=8,num_updates=100,policy_lr_end=0,policy_lr_start=0.0025,q_lr_end=0,q_lr_start=0.0200,saddle_point_optimization=False,seed=1,target_entropy_scale=0.3500,torch_deterministic=True,total_timesteps=1000,track=False,update_epochs=300,update_policy_epochs=300,use_kl_loss=True,use_linear_schedule=False,wandb_entity=TFG,wandb_project_name=QREPS_CartPole-v1",QREPS,1,True,True,False,QREPS_CartPole-v1,TFG,False,LunarLander-v2,1000,100,10000,300,300,8,1,0.99,0.0025,0.02,0,0,4,,0.01,False,0.35,False,True,False,True,0
2181ee3c,-1000.0,1712626883,,True,19,2024-04-09_03-41-23,1.9383642673492432,93.52027988433838,38473,Nicolass-iMac.technicolor.net,127.0.0.1,93.52027988433838,19,"114_trial_index=0,alpha=4,anneal_lr=True,autotune=True,beta=0.0020,buffer_size=10000,capture_video=False,cuda=True,env_id=LunarLander-v2,eta=None,exp_name=QREPS,gamma=0.9900,num_envs=1,num_rollouts=8,num_updates=100,policy_lr_end=0,policy_lr_start=0.0025,q_lr_end=0,q_lr_start=0.0025,saddle_point_optimization=False,seed=1,target_entropy_scale=0.3500,torch_deterministic=True,total_timesteps=1000,track=False,update_epochs=100,update_policy_epochs=300,use_kl_loss=False,use_linear_schedule=False,wandb_entity=TFG,wandb_project_name=QREPS_CartPole-v1",QREPS,1,True,True,False,QREPS_CartPole-v1,TFG,False,LunarLander-v2,1000,100,10000,100,300,8,1,0.99,0.0025,0.0025,0,0,4,,0.002,True,0.35,False,True,False,False,0
7bd23b71,-454.95624856662715,1712627312,,True,100,2024-04-09_03-48-32,5.9731690883636475,519.9200763702393,38474,Nicolass-iMac.technicolor.net,127.0.0.1,519.9200763702393,100,"115_trial_index=0,alpha=4,anneal_lr=True,autotune=False,beta=0.1000,buffer_size=10000,capture_video=False,cuda=True,env_id=LunarLander-v2,eta=None,exp_name=QREPS,gamma=0.9900,num_envs=1,num_rollouts=6,num_updates=100,policy_lr_end=0,policy_lr_start=0.0025,q_lr_end=0,q_lr_start=0.0025,saddle_point_optimization=False,seed=1,target_entropy_scale=0.3500,torch_deterministic=True,total_timesteps=1000,track=False,update_epochs=50,update_policy_epochs=450,use_kl_loss=True,use_linear_schedule=False,wandb_entity=TFG,wandb_project_name=QREPS_CartPole-v1",QREPS,1,True,True,False,QREPS_CartPole-v1,TFG,False,LunarLander-v2,1000,100,10000,50,450,6,1,0.99,0.0025,0.0025,0,0,4,,0.1,False,0.35,False,True,False,True,0
b0d34741,-241.70860818414062,1712627512,,True,100,2024-04-09_03-51-52,5.272396802902222,717.2115728855133,38479,Nicolass-iMac.technicolor.net,127.0.0.1,717.2115728855133,100,"116_trial_index=0,alpha=4,anneal_lr=True,autotune=True,beta=0.0020,buffer_size=10000,capture_video=False,cuda=True,env_id=LunarLander-v2,eta=None,exp_name=QREPS,gamma=0.9900,num_envs=1,num_rollouts=6,num_updates=100,policy_lr_end=0,policy_lr_start=0.0025,q_lr_end=0,q_lr_start=0.0025,saddle_point_optimization=False,seed=1,target_entropy_scale=0.3500,torch_deterministic=True,total_timesteps=1000,track=False,update_epochs=300,update_policy_epochs=450,use_kl_loss=True,use_linear_schedule=False,wandb_entity=TFG,wandb_project_name=QREPS_CartPole-v1",QREPS,1,True,True,False,QREPS_CartPole-v1,TFG,False,LunarLander-v2,1000,100,10000,300,450,6,1,0.99,0.0025,0.0025,0,0,4,,0.002,True,0.35,False,True,False,True,0
49235be8,-410.9660237638917,1712627092,,True,100,2024-04-09_03-44-52,2.5145537853240967,293.6784815788269,38482,Nicolass-iMac.technicolor.net,127.0.0.1,293.6784815788269,100,"117_trial_index=0,alpha=4,anneal_lr=True,autotune=False,beta=0.1000,buffer_size=10000,capture_video=False,cuda=True,env_id=LunarLander-v2,eta=None,exp_name=QREPS,gamma=0.9900,num_envs=1,num_rollouts=4,num_updates=100,policy_lr_end=0,policy_lr_start=0.0025,q_lr_end=0,q_lr_start=0.0025,saddle_point_optimization=False,seed=1,target_entropy_scale=0.8900,torch_deterministic=True,total_timesteps=1000,track=False,update_epochs=50,update_policy_epochs=300,use_kl_loss=True,use_linear_schedule=False,wandb_entity=TFG,wandb_project_name=QREPS_CartPole-v1",QREPS,1,True,True,False,QREPS_CartPole-v1,TFG,False,LunarLander-v2,1000,100,10000,50,300,4,1,0.99,0.0025,0.0025,0,0,4,,0.1,False,0.89,False,True,False,True,0
9b8443e2,-114.85601770878061,1712630195,,True,100,2024-04-09_04-36-35,33.07750701904297,1478.2144706249237,39618,Nicolass-iMac.technicolor.net,127.0.0.1,1478.2144706249237,100,"118_trial_index=0,alpha=4,anneal_lr=True,autotune=False,beta=0.0000,buffer_size=10000,capture_video=False,cuda=True,env_id=LunarLander-v2,eta=None,exp_name=QREPS,gamma=0.9900,num_envs=1,num_rollouts=6,num_updates=100,policy_lr_end=0,policy_lr_start=0.0025,q_lr_end=0,q_lr_start=0.0200,saddle_point_optimization=False,seed=1,target_entropy_scale=0.3500,torch_deterministic=True,total_timesteps=1000,track=False,update_epochs=50,update_policy_epochs=450,use_kl_loss=True,use_linear_schedule=False,wandb_entity=TFG,wandb_project_name=QREPS_CartPole-v1",QREPS,1,True,True,False,QREPS_CartPole-v1,TFG,False,LunarLander-v2,1000,100,10000,50,450,6,1,0.99,0.0025,0.02,0,0,4,,4e-05,False,0.35,False,True,False,True,0
7c1b508e,-122.68366524972187,1712630282,,True,100,2024-04-09_04-38-02,20.666496992111206,1563.2422769069672,39621,Nicolass-iMac.technicolor.net,127.0.0.1,1563.2422769069672,100,"119_trial_index=0,alpha=4,anneal_lr=True,autotune=False,beta=0.1000,buffer_size=10000,capture_video=False,cuda=True,env_id=LunarLander-v2,eta=None,exp_name=QREPS,gamma=0.9900,num_envs=1,num_rollouts=4,num_updates=100,policy_lr_end=0,policy_lr_start=0.0025,q_lr_end=0,q_lr_start=0.0200,saddle_point_optimization=False,seed=1,target_entropy_scale=0.8900,torch_deterministic=True,total_timesteps=1000,track=False,update_epochs=50,update_policy_epochs=300,use_kl_loss=True,use_linear_schedule=False,wandb_entity=TFG,wandb_project_name=QREPS_CartPole-v1",QREPS,1,True,True,False,QREPS_CartPole-v1,TFG,False,LunarLander-v2,1000,100,10000,50,300,4,1,0.99,0.0025,0.02,0,0,4,,0.1,False,0.89,False,True,False,True,0
c86fa699,-1000.0,1712628739,,True,5,2024-04-09_04-12-19,1.7564477920532227,22.001572847366333,39622,Nicolass-iMac.technicolor.net,127.0.0.1,22.001572847366333,5,"120_trial_index=0,alpha=2,anneal_lr=True,autotune=True,beta=0.1000,buffer_size=10000,capture_video=False,cuda=True,env_id=LunarLander-v2,eta=None,exp_name=QREPS,gamma=0.9900,num_envs=1,num_rollouts=8,num_updates=100,policy_lr_end=0,policy_lr_start=0.0025,q_lr_end=0,q_lr_start=0.0200,saddle_point_optimization=False,seed=1,target_entropy_scale=0.8900,torch_deterministic=True,total_timesteps=1000,track=False,update_epochs=100,update_policy_epochs=450,use_kl_loss=False,use_linear_schedule=False,wandb_entity=TFG,wandb_project_name=QREPS_CartPole-v1",QREPS,1,True,True,False,QREPS_CartPole-v1,TFG,False,LunarLander-v2,1000,100,10000,100,450,8,1,0.99,0.0025,0.02,0,0,2,,0.1,True,0.89,False,True,False,False,0
0fff8493,-1000.0,1712629829,,True,71,2024-04-09_04-30-29,0.603367805480957,1105.3010244369507,39633,Nicolass-iMac.technicolor.net,127.0.0.1,1105.3010244369507,71,"121_trial_index=0,alpha=4,anneal_lr=False,autotune=False,beta=0.0020,buffer_size=10000,capture_video=False,cuda=True,env_id=LunarLander-v2,eta=None,exp_name=QREPS,gamma=0.9900,num_envs=1,num_rollouts=8,num_updates=100,policy_lr_end=0,policy_lr_start=0.0200,q_lr_end=0,q_lr_start=0.0025,saddle_point_optimization=True,seed=1,target_entropy_scale=0.8900,torch_deterministic=True,total_timesteps=1000,track=False,update_epochs=300,update_policy_epochs=300,use_kl_loss=False,use_linear_schedule=False,wandb_entity=TFG,wandb_project_name=QREPS_CartPole-v1",QREPS,1,True,True,False,QREPS_CartPole-v1,TFG,False,LunarLander-v2,1000,100,10000,300,300,8,1,0.99,0.02,0.0025,0,0,4,,0.002,False,0.89,False,False,True,False,0
10ef8261,-112.69361148613629,1712632073,,True,100,2024-04-09_05-07-53,39.10565900802612,3346.7776272296906,39634,Nicolass-iMac.technicolor.net,127.0.0.1,3346.7776272296906,100,"122_trial_index=0,alpha=4,anneal_lr=True,autotune=False,beta=0.0020,buffer_size=10000,capture_video=False,cuda=True,env_id=LunarLander-v2,eta=None,exp_name=QREPS,gamma=0.9900,num_envs=1,num_rollouts=8,num_updates=100,policy_lr_end=0,policy_lr_start=0.0025,q_lr_end=0,q_lr_start=0.1000,saddle_point_optimization=True,seed=1,target_entropy_scale=0.8900,torch_deterministic=True,total_timesteps=1000,track=False,update_epochs=300,update_policy_epochs=300,use_kl_loss=True,use_linear_schedule=False,wandb_entity=TFG,wandb_project_name=QREPS_CartPole-v1",QREPS,1,True,True,False,QREPS_CartPole-v1,TFG,False,LunarLander-v2,1000,100,10000,300,300,8,1,0.99,0.0025,0.1,0,0,4,,0.002,False,0.89,False,True,True,True,0
de969b49,-9.072040173218573,1712631139,,True,100,2024-04-09_04-52-19,30.057721853256226,2410.547564268112,39638,Nicolass-iMac.technicolor.net,127.0.0.1,2410.547564268112,100,"123_trial_index=0,alpha=4,anneal_lr=True,autotune=False,beta=0.0020,buffer_size=10000,capture_video=False,cuda=True,env_id=LunarLander-v2,eta=None,exp_name=QREPS,gamma=0.9900,num_envs=1,num_rollouts=8,num_updates=100,policy_lr_end=0,policy_lr_start=0.0025,q_lr_end=0,q_lr_start=0.0200,saddle_point_optimization=False,seed=1,target_entropy_scale=0.3500,torch_deterministic=True,total_timesteps=1000,track=False,update_epochs=300,update_policy_epochs=50,use_kl_loss=True,use_linear_schedule=False,wandb_entity=TFG,wandb_project_name=QREPS_CartPole-v1",QREPS,1,True,True,False,QREPS_CartPole-v1,TFG,False,LunarLander-v2,1000,100,10000,300,50,8,1,0.99,0.0025,0.02,0,0,4,,0.002,False,0.35,False,True,False,True,0
82ead57b,-33.98814088518842,1712630619,,True,100,2024-04-09_04-43-39,14.862236738204956,1887.1888177394867,39640,Nicolass-iMac.technicolor.net,127.0.0.1,1887.1888177394867,100,"124_trial_index=0,alpha=4,anneal_lr=True,autotune=False,beta=0.1000,buffer_size=10000,capture_video=False,cuda=True,env_id=LunarLander-v2,eta=None,exp_name=QREPS,gamma=0.9900,num_envs=1,num_rollouts=6,num_updates=100,policy_lr_end=0,policy_lr_start=0.0025,q_lr_end=0,q_lr_start=0.0200,saddle_point_optimization=False,seed=1,target_entropy_scale=0.8900,torch_deterministic=True,total_timesteps=1000,track=False,update_epochs=300,update_policy_epochs=300,use_kl_loss=True,use_linear_schedule=False,wandb_entity=TFG,wandb_project_name=QREPS_CartPole-v1",QREPS,1,True,True,False,QREPS_CartPole-v1,TFG,False,LunarLander-v2,1000,100,10000,300,300,6,1,0.99,0.0025,0.02,0,0,4,,0.1,False,0.89,False,True,False,True,0
0b32282f,-122.14465189731315,1712629606,,True,100,2024-04-09_04-26-46,8.159426927566528,870.4862897396088,39646,Nicolass-iMac.technicolor.net,127.0.0.1,870.4862897396088,100,"125_trial_index=0,alpha=4,anneal_lr=True,autotune=False,beta=0.0100,buffer_size=10000,capture_video=False,cuda=True,env_id=LunarLander-v2,eta=None,exp_name=QREPS,gamma=0.9900,num_envs=1,num_rollouts=6,num_updates=100,policy_lr_end=0,policy_lr_start=0.0025,q_lr_end=0,q_lr_start=0.0025,saddle_point_optimization=False,seed=1,target_entropy_scale=0.8900,torch_deterministic=True,total_timesteps=1000,track=False,update_epochs=300,update_policy_epochs=450,use_kl_loss=False,use_linear_schedule=False,wandb_entity=TFG,wandb_project_name=QREPS_CartPole-v1",QREPS,1,True,True,False,QREPS_CartPole-v1,TFG,False,LunarLander-v2,1000,100,10000,300,450,6,1,0.99,0.0025,0.0025,0,0,4,,0.01,False,0.89,False,True,False,False,0
3a849a15,-255.4450371049926,1712633139,,True,100,2024-04-09_05-25-39,11.36680006980896,1060.4307103157043,42238,Nicolass-iMac.technicolor.net,127.0.0.1,1060.4307103157043,100,"126_trial_index=0,alpha=4,anneal_lr=True,autotune=False,beta=0.0020,buffer_size=10000,capture_video=False,cuda=True,env_id=LunarLander-v2,eta=None,exp_name=QREPS,gamma=0.9900,num_envs=1,num_rollouts=4,num_updates=100,policy_lr_end=0,policy_lr_start=0.0025,q_lr_end=0,q_lr_start=0.0025,saddle_point_optimization=False,seed=1,target_entropy_scale=0.3500,torch_deterministic=True,total_timesteps=1000,track=False,update_epochs=300,update_policy_epochs=300,use_kl_loss=True,use_linear_schedule=False,wandb_entity=TFG,wandb_project_name=QREPS_CartPole-v1",QREPS,1,True,True,False,QREPS_CartPole-v1,TFG,False,LunarLander-v2,1000,100,10000,300,300,4,1,0.99,0.0025,0.0025,0,0,4,,0.002,False,0.35,False,True,False,True,0
db0e482d,-1000.0,1712632174,,True,17,2024-04-09_05-09-34,5.413363933563232,94.60180902481079,42240,Nicolass-iMac.technicolor.net,127.0.0.1,94.60180902481079,17,"127_trial_index=0,alpha=4,anneal_lr=True,autotune=False,beta=0.0020,buffer_size=10000,capture_video=False,cuda=True,env_id=LunarLander-v2,eta=None,exp_name=QREPS,gamma=0.9900,num_envs=1,num_rollouts=8,num_updates=100,policy_lr_end=0,policy_lr_start=0.0025,q_lr_end=0,q_lr_start=0.1000,saddle_point_optimization=False,seed=1,target_entropy_scale=0.8900,torch_deterministic=True,total_timesteps=1000,track=False,update_epochs=300,update_policy_epochs=50,use_kl_loss=False,use_linear_schedule=False,wandb_entity=TFG,wandb_project_name=QREPS_CartPole-v1",QREPS,1,True,True,False,QREPS_CartPole-v1,TFG,False,LunarLander-v2,1000,100,10000,300,50,8,1,0.99,0.0025,0.1,0,0,4,,0.002,False,0.89,False,True,False,False,0
04a94048,-517.3970630266122,1712632450,,True,100,2024-04-09_05-14-10,3.2683000564575195,368.58363699913025,42243,Nicolass-iMac.technicolor.net,127.0.0.1,368.58363699913025,100,"128_trial_index=0,alpha=4,anneal_lr=True,autotune=False,beta=0.0020,buffer_size=10000,capture_video=False,cuda=True,env_id=LunarLander-v2,eta=None,exp_name=QREPS,gamma=0.9900,num_envs=1,num_rollouts=6,num_updates=100,policy_lr_end=0,policy_lr_start=0.0025,q_lr_end=0,q_lr_start=0.0025,saddle_point_optimization=False,seed=1,target_entropy_scale=0.8900,torch_deterministic=True,total_timesteps=1000,track=False,update_epochs=300,update_policy_epochs=50,use_kl_loss=False,use_linear_schedule=False,wandb_entity=TFG,wandb_project_name=QREPS_CartPole-v1",QREPS,1,True,True,False,QREPS_CartPole-v1,TFG,False,LunarLander-v2,1000,100,10000,300,50,6,1,0.99,0.0025,0.0025,0,0,4,,0.002,False,0.89,False,True,False,False,0
09532bd8,-37.14876819009195,1712633836,,True,100,2024-04-09_05-37-16,22.266353130340576,1751.4097518920898,42246,Nicolass-iMac.technicolor.net,127.0.0.1,1751.4097518920898,100,"129_trial_index=0,alpha=6,anneal_lr=True,autotune=False,beta=0.0100,buffer_size=10000,capture_video=False,cuda=True,env_id=LunarLander-v2,eta=None,exp_name=QREPS,gamma=0.9900,num_envs=1,num_rollouts=6,num_updates=100,policy_lr_end=0,policy_lr_start=0.0025,q_lr_end=0,q_lr_start=0.0200,saddle_point_optimization=True,seed=1,target_entropy_scale=0.3500,torch_deterministic=True,total_timesteps=1000,track=False,update_epochs=300,update_policy_epochs=50,use_kl_loss=True,use_linear_schedule=False,wandb_entity=TFG,wandb_project_name=QREPS_CartPole-v1",QREPS,1,True,True,False,QREPS_CartPole-v1,TFG,False,LunarLander-v2,1000,100,10000,300,50,6,1,0.99,0.0025,0.02,0,0,6,,0.01,False,0.35,False,True,True,True,0
b5c9124b,47.28122027942995,1712633774,,True,100,2024-04-09_05-36-14,18.187047719955444,1687.195513010025,42247,Nicolass-iMac.technicolor.net,127.0.0.1,1687.195513010025,100,"130_trial_index=0,alpha=6,anneal_lr=True,autotune=False,beta=0.0100,buffer_size=10000,capture_video=False,cuda=True,env_id=LunarLander-v2,eta=None,exp_name=QREPS,gamma=0.9900,num_envs=1,num_rollouts=6,num_updates=100,policy_lr_end=0,policy_lr_start=0.0025,q_lr_end=0,q_lr_start=0.0200,saddle_point_optimization=True,seed=1,target_entropy_scale=0.3500,torch_deterministic=True,total_timesteps=1000,track=False,update_epochs=300,update_policy_epochs=300,use_kl_loss=True,use_linear_schedule=False,wandb_entity=TFG,wandb_project_name=QREPS_CartPole-v1",QREPS,1,True,True,False,QREPS_CartPole-v1,TFG,False,LunarLander-v2,1000,100,10000,300,300,6,1,0.99,0.0025,0.02,0,0,6,,0.01,False,0.35,False,True,True,True,0
3c10ac94,-140.81442272817023,1712632654,,True,100,2024-04-09_05-17-34,4.547087669372559,564.1706600189209,42249,Nicolass-iMac.technicolor.net,127.0.0.1,564.1706600189209,100,"131_trial_index=0,alpha=4,anneal_lr=True,autotune=False,beta=0.1000,buffer_size=10000,capture_video=False,cuda=True,env_id=LunarLander-v2,eta=None,exp_name=QREPS,gamma=0.9900,num_envs=1,num_rollouts=8,num_updates=100,policy_lr_end=0,policy_lr_start=0.0025,q_lr_end=0,q_lr_start=0.0200,saddle_point_optimization=True,seed=1,target_entropy_scale=0.3500,torch_deterministic=True,total_timesteps=1000,track=False,update_epochs=100,update_policy_epochs=300,use_kl_loss=False,use_linear_schedule=False,wandb_entity=TFG,wandb_project_name=QREPS_CartPole-v1",QREPS,1,True,True,False,QREPS_CartPole-v1,TFG,False,LunarLander-v2,1000,100,10000,100,300,8,1,0.99,0.0025,0.02,0,0,4,,0.1,False,0.35,False,True,True,False,0
a14ed239,-181.63500780479526,1712632983,,True,100,2024-04-09_05-23-03,9.028159141540527,890.6217522621155,42252,Nicolass-iMac.technicolor.net,127.0.0.1,890.6217522621155,100,"132_trial_index=0,alpha=6,anneal_lr=True,autotune=False,beta=0.1000,buffer_size=10000,capture_video=False,cuda=True,env_id=LunarLander-v2,eta=None,exp_name=QREPS,gamma=0.9900,num_envs=1,num_rollouts=8,num_updates=100,policy_lr_end=0,policy_lr_start=0.0200,q_lr_end=0,q_lr_start=0.1000,saddle_point_optimization=False,seed=1,target_entropy_scale=0.3500,torch_deterministic=True,total_timesteps=1000,track=False,update_epochs=300,update_policy_epochs=450,use_kl_loss=False,use_linear_schedule=False,wandb_entity=TFG,wandb_project_name=QREPS_CartPole-v1",QREPS,1,True,True,False,QREPS_CartPole-v1,TFG,False,LunarLander-v2,1000,100,10000,300,450,8,1,0.99,0.02,0.1,0,0,6,,0.1,False,0.35,False,True,False,False,0
24c989d8,-1000.0,1712632274,,True,16,2024-04-09_05-11-14,7.9491870403289795,179.1967008113861,42253,Nicolass-iMac.technicolor.net,127.0.0.1,179.1967008113861,16,"133_trial_index=0,alpha=6,anneal_lr=True,autotune=False,beta=0.0020,buffer_size=10000,capture_video=False,cuda=True,env_id=LunarLander-v2,eta=None,exp_name=QREPS,gamma=0.9900,num_envs=1,num_rollouts=8,num_updates=100,policy_lr_end=0,policy_lr_start=0.0200,q_lr_end=0,q_lr_start=0.1000,saddle_point_optimization=True,seed=1,target_entropy_scale=0.2000,torch_deterministic=True,total_timesteps=1000,track=False,update_epochs=300,update_policy_epochs=50,use_kl_loss=False,use_linear_schedule=False,wandb_entity=TFG,wandb_project_name=QREPS_CartPole-v1",QREPS,1,True,True,False,QREPS_CartPole-v1,TFG,False,LunarLander-v2,1000,100,10000,300,50,8,1,0.99,0.02,0.1,0,0,6,,0.002,False,0.2,False,True,True,False,0
32b182ee,98.94469583786707,1712635663,,True,100,2024-04-09_06-07-43,20.36899733543396,1820.6389858722687,43857,Nicolass-iMac.technicolor.net,127.0.0.1,1820.6389858722687,100,"134_trial_index=0,alpha=6,anneal_lr=True,autotune=False,beta=0.0100,buffer_size=10000,capture_video=False,cuda=True,env_id=LunarLander-v2,eta=None,exp_name=QREPS,gamma=0.9900,num_envs=1,num_rollouts=4,num_updates=100,policy_lr_end=0,policy_lr_start=0.0025,q_lr_end=0,q_lr_start=0.0200,saddle_point_optimization=False,seed=1,target_entropy_scale=0.3500,torch_deterministic=True,total_timesteps=1000,track=False,update_epochs=300,update_policy_epochs=300,use_kl_loss=True,use_linear_schedule=False,wandb_entity=TFG,wandb_project_name=QREPS_CartPole-v1",QREPS,1,True,True,False,QREPS_CartPole-v1,TFG,False,LunarLander-v2,1000,100,10000,300,300,4,1,0.99,0.0025,0.02,0,0,6,,0.01,False,0.35,False,True,False,True,0
55f73dec,-93.34181125410234,1712635197,,True,100,2024-04-09_05-59-57,17.479100942611694,1352.0470621585846,43861,Nicolass-iMac.technicolor.net,127.0.0.1,1352.0470621585846,100,"135_trial_index=0,alpha=6,anneal_lr=True,autotune=False,beta=0.0100,buffer_size=10000,capture_video=False,cuda=True,env_id=LunarLander-v2,eta=None,exp_name=QREPS,gamma=0.9900,num_envs=1,num_rollouts=4,num_updates=100,policy_lr_end=0,policy_lr_start=0.0025,q_lr_end=0,q_lr_start=0.0200,saddle_point_optimization=True,seed=1,target_entropy_scale=0.8900,torch_deterministic=True,total_timesteps=1000,track=False,update_epochs=300,update_policy_epochs=50,use_kl_loss=True,use_linear_schedule=False,wandb_entity=TFG,wandb_project_name=QREPS_CartPole-v1",QREPS,1,True,True,False,QREPS_CartPole-v1,TFG,False,LunarLander-v2,1000,100,10000,300,50,4,1,0.99,0.0025,0.02,0,0,6,,0.01,False,0.89,False,True,True,True,0
5462398f,-173.16440133034482,1712635096,,True,100,2024-04-09_05-58-16,11.803404092788696,1252.512464761734,43862,Nicolass-iMac.technicolor.net,127.0.0.1,1252.512464761734,100,"136_trial_index=0,alpha=6,anneal_lr=True,autotune=False,beta=0.0100,buffer_size=10000,capture_video=False,cuda=True,env_id=LunarLander-v2,eta=None,exp_name=QREPS,gamma=0.9900,num_envs=1,num_rollouts=6,num_updates=100,policy_lr_end=0,policy_lr_start=0.0025,q_lr_end=0,q_lr_start=0.0200,saddle_point_optimization=True,seed=1,target_entropy_scale=0.2000,torch_deterministic=True,total_timesteps=1000,track=False,update_epochs=300,update_policy_epochs=300,use_kl_loss=False,use_linear_schedule=False,wandb_entity=TFG,wandb_project_name=QREPS_CartPole-v1",QREPS,1,True,True,False,QREPS_CartPole-v1,TFG,False,LunarLander-v2,1000,100,10000,300,300,6,1,0.99,0.0025,0.02,0,0,6,,0.01,False,0.2,False,True,True,False,0
9df1b48b,-457.5310989732648,1712635644,,True,100,2024-04-09_06-07-24,9.43393087387085,1794.7842507362366,43865,Nicolass-iMac.technicolor.net,127.0.0.1,1794.7842507362366,100,"137_trial_index=0,alpha=6,anneal_lr=True,autotune=False,beta=0.0100,buffer_size=10000,capture_video=False,cuda=True,env_id=LunarLander-v2,eta=None,exp_name=QREPS,gamma=0.9900,num_envs=1,num_rollouts=6,num_updates=100,policy_lr_end=0,policy_lr_start=0.0025,q_lr_end=0,q_lr_start=0.0200,saddle_point_optimization=True,seed=1,target_entropy_scale=0.5000,torch_deterministic=True,total_timesteps=1000,track=False,update_epochs=50,update_policy_epochs=450,use_kl_loss=True,use_linear_schedule=False,wandb_entity=TFG,wandb_project_name=QREPS_CartPole-v1",QREPS,1,True,True,False,QREPS_CartPole-v1,TFG,False,LunarLander-v2,1000,100,10000,50,450,6,1,0.99,0.0025,0.02,0,0,6,,0.01,False,0.5,False,True,True,True,0
f0642f17,-37.965996050588956,1712636980,,True,100,2024-04-09_06-29-40,14.195465087890625,3129.661574602127,43869,Nicolass-iMac.technicolor.net,127.0.0.1,3129.661574602127,100,"138_trial_index=0,alpha=6,anneal_lr=True,autotune=False,beta=0.0020,buffer_size=10000,capture_video=False,cuda=True,env_id=LunarLander-v2,eta=None,exp_name=QREPS,gamma=0.9900,num_envs=1,num_rollouts=8,num_updates=100,policy_lr_end=0,policy_lr_start=0.0025,q_lr_end=0,q_lr_start=0.0200,saddle_point_optimization=False,seed=1,target_entropy_scale=0.2000,torch_deterministic=True,total_timesteps=1000,track=False,update_epochs=300,update_policy_epochs=300,use_kl_loss=True,use_linear_schedule=False,wandb_entity=TFG,wandb_project_name=QREPS_CartPole-v1",QREPS,1,True,True,False,QREPS_CartPole-v1,TFG,False,LunarLander-v2,1000,100,10000,300,300,8,1,0.99,0.0025,0.02,0,0,6,,0.002,False,0.2,False,True,False,True,0
a6a691f8,-122.69591737214883,1712635714,,True,100,2024-04-09_06-08-34,30.518919944763184,1860.4037034511566,43870,Nicolass-iMac.technicolor.net,127.0.0.1,1860.4037034511566,100,"139_trial_index=0,alpha=6,anneal_lr=True,autotune=False,beta=0.0100,buffer_size=10000,capture_video=False,cuda=True,env_id=LunarLander-v2,eta=None,exp_name=QREPS,gamma=0.9900,num_envs=1,num_rollouts=6,num_updates=100,policy_lr_end=0,policy_lr_start=0.0025,q_lr_end=0,q_lr_start=0.0200,saddle_point_optimization=False,seed=1,target_entropy_scale=0.3500,torch_deterministic=True,total_timesteps=1000,track=False,update_epochs=100,update_policy_epochs=450,use_kl_loss=True,use_linear_schedule=False,wandb_entity=TFG,wandb_project_name=QREPS_CartPole-v1",QREPS,1,True,True,False,QREPS_CartPole-v1,TFG,False,LunarLander-v2,1000,100,10000,100,450,6,1,0.99,0.0025,0.02,0,0,6,,0.01,False,0.35,False,True,False,True,0
3bd6d121,-1.9564183998550222,1712635398,,True,100,2024-04-09_06-03-18,13.579320669174194,1541.6370663642883,43871,Nicolass-iMac.technicolor.net,127.0.0.1,1541.6370663642883,100,"140_trial_index=0,alpha=4,anneal_lr=True,autotune=False,beta=0.0020,buffer_size=10000,capture_video=False,cuda=True,env_id=LunarLander-v2,eta=None,exp_name=QREPS,gamma=0.9900,num_envs=1,num_rollouts=4,num_updates=100,policy_lr_end=0,policy_lr_start=0.0025,q_lr_end=0,q_lr_start=0.0200,saddle_point_optimization=False,seed=1,target_entropy_scale=0.5000,torch_deterministic=True,total_timesteps=1000,track=False,update_epochs=300,update_policy_epochs=300,use_kl_loss=True,use_linear_schedule=False,wandb_entity=TFG,wandb_project_name=QREPS_CartPole-v1",QREPS,1,True,True,False,QREPS_CartPole-v1,TFG,False,LunarLander-v2,1000,100,10000,300,300,4,1,0.99,0.0025,0.02,0,0,4,,0.002,False,0.5,False,True,False,True,0
9dd6c1a6,35.197172415526225,1712635467,,True,100,2024-04-09_06-04-27,21.86408305168152,1607.510617017746,43874,Nicolass-iMac.technicolor.net,127.0.0.1,1607.510617017746,100,"141_trial_index=0,alpha=6,anneal_lr=True,autotune=False,beta=0.0100,buffer_size=10000,capture_video=False,cuda=True,env_id=LunarLander-v2,eta=None,exp_name=QREPS,gamma=0.9900,num_envs=1,num_rollouts=8,num_updates=100,policy_lr_end=0,policy_lr_start=0.0025,q_lr_end=0,q_lr_start=0.0200,saddle_point_optimization=True,seed=1,target_entropy_scale=0.3500,torch_deterministic=True,total_timesteps=1000,track=False,update_epochs=100,update_policy_epochs=300,use_kl_loss=True,use_linear_schedule=False,wandb_entity=TFG,wandb_project_name=QREPS_CartPole-v1",QREPS,1,True,True,False,QREPS_CartPole-v1,TFG,False,LunarLander-v2,1000,100,10000,100,300,8,1,0.99,0.0025,0.02,0,0,6,,0.01,False,0.35,False,True,True,True,0
1ecd638c,-67.28761566648762,1712637760,,True,100,2024-04-09_06-42-40,12.466034173965454,775.0721716880798,45918,Nicolass-iMac.technicolor.net,127.0.0.1,775.0721716880798,100,"142_trial_index=0,alpha=4,anneal_lr=True,autotune=False,beta=0.0100,buffer_size=10000,capture_video=False,cuda=True,env_id=LunarLander-v2,eta=None,exp_name=QREPS,gamma=0.9900,num_envs=1,num_rollouts=4,num_updates=100,policy_lr_end=0,policy_lr_start=0.0025,q_lr_end=0,q_lr_start=0.0200,saddle_point_optimization=False,seed=1,target_entropy_scale=0.5000,torch_deterministic=True,total_timesteps=1000,track=False,update_epochs=100,update_policy_epochs=300,use_kl_loss=True,use_linear_schedule=False,wandb_entity=TFG,wandb_project_name=QREPS_CartPole-v1",QREPS,1,True,True,False,QREPS_CartPole-v1,TFG,False,LunarLander-v2,1000,100,10000,100,300,4,1,0.99,0.0025,0.02,0,0,4,,0.01,False,0.5,False,True,False,True,0
bc321b17,-97.17053181080928,1712638958,,True,100,2024-04-09_07-02-38,17.075727939605713,1971.3560228347778,45921,Nicolass-iMac.technicolor.net,127.0.0.1,1971.3560228347778,100,"143_trial_index=0,alpha=4,anneal_lr=True,autotune=False,beta=0.0100,buffer_size=10000,capture_video=False,cuda=True,env_id=LunarLander-v2,eta=None,exp_name=QREPS,gamma=0.9900,num_envs=1,num_rollouts=4,num_updates=100,policy_lr_end=0,policy_lr_start=0.0025,q_lr_end=0,q_lr_start=0.0200,saddle_point_optimization=True,seed=1,target_entropy_scale=0.3500,torch_deterministic=True,total_timesteps=1000,track=False,update_epochs=300,update_policy_epochs=300,use_kl_loss=True,use_linear_schedule=False,wandb_entity=TFG,wandb_project_name=QREPS_CartPole-v1",QREPS,1,True,True,False,QREPS_CartPole-v1,TFG,False,LunarLander-v2,1000,100,10000,300,300,4,1,0.99,0.0025,0.02,0,0,4,,0.01,False,0.35,False,True,True,True,0
43f52fcc,-361.8552812320324,1712637859,,True,100,2024-04-09_06-44-19,7.06781530380249,870.6278376579285,45923,Nicolass-iMac.technicolor.net,127.0.0.1,870.6278376579285,100,"144_trial_index=0,alpha=6,anneal_lr=True,autotune=False,beta=0.0100,buffer_size=10000,capture_video=False,cuda=True,env_id=LunarLander-v2,eta=None,exp_name=QREPS,gamma=0.9900,num_envs=1,num_rollouts=6,num_updates=100,policy_lr_end=0,policy_lr_start=0.0025,q_lr_end=0,q_lr_start=0.0200,saddle_point_optimization=False,seed=1,target_entropy_scale=0.2000,torch_deterministic=True,total_timesteps=1000,track=False,update_epochs=100,update_policy_epochs=300,use_kl_loss=True,use_linear_schedule=False,wandb_entity=TFG,wandb_project_name=QREPS_CartPole-v1",QREPS,1,True,True,False,QREPS_CartPole-v1,TFG,False,LunarLander-v2,1000,100,10000,100,300,6,1,0.99,0.0025,0.02,0,0,6,,0.01,False,0.2,False,True,False,True,0
564f326f,100.61840493825454,1712638850,,True,100,2024-04-09_07-00-50,26.568125009536743,1858.1235182285309,45926,Nicolass-iMac.technicolor.net,127.0.0.1,1858.1235182285309,100,"145_trial_index=0,alpha=8,anneal_lr=False,autotune=False,beta=0.0100,buffer_size=10000,capture_video=False,cuda=True,env_id=LunarLander-v2,eta=None,exp_name=QREPS,gamma=0.9900,num_envs=1,num_rollouts=8,num_updates=100,policy_lr_end=0,policy_lr_start=0.0025,q_lr_end=0,q_lr_start=0.0200,saddle_point_optimization=False,seed=1,target_entropy_scale=0.5000,torch_deterministic=True,total_timesteps=1000,track=False,update_epochs=300,update_policy_epochs=300,use_kl_loss=True,use_linear_schedule=False,wandb_entity=TFG,wandb_project_name=QREPS_CartPole-v1",QREPS,1,True,True,False,QREPS_CartPole-v1,TFG,False,LunarLander-v2,1000,100,10000,300,300,8,1,0.99,0.0025,0.02,0,0,8,,0.01,False,0.5,False,False,False,True,0
288f9eaa,-76.34820831088298,1712637964,,True,100,2024-04-09_06-46-04,7.59834098815918,969.2400727272034,45927,Nicolass-iMac.technicolor.net,127.0.0.1,969.2400727272034,100,"146_trial_index=0,alpha=6,anneal_lr=True,autotune=False,beta=0.0000,buffer_size=10000,capture_video=False,cuda=True,env_id=LunarLander-v2,eta=None,exp_name=QREPS,gamma=0.9900,num_envs=1,num_rollouts=4,num_updates=100,policy_lr_end=0,policy_lr_start=0.0025,q_lr_end=0,q_lr_start=0.0200,saddle_point_optimization=False,seed=1,target_entropy_scale=0.2000,torch_deterministic=True,total_timesteps=1000,track=False,update_epochs=100,update_policy_epochs=300,use_kl_loss=True,use_linear_schedule=False,wandb_entity=TFG,wandb_project_name=QREPS_CartPole-v1",QREPS,1,True,True,False,QREPS_CartPole-v1,TFG,False,LunarLander-v2,1000,100,10000,100,300,4,1,0.99,0.0025,0.02,0,0,6,,4e-05,False,0.2,False,True,False,True,0
d946b0d5,-161.18593499981176,1712637759,,True,100,2024-04-09_06-42-39,7.8564441204071045,761.538512468338,45931,Nicolass-iMac.technicolor.net,127.0.0.1,761.538512468338,100,"147_trial_index=0,alpha=8,anneal_lr=True,autotune=False,beta=0.0020,buffer_size=10000,capture_video=False,cuda=True,env_id=LunarLander-v2,eta=None,exp_name=QREPS,gamma=0.9900,num_envs=1,num_rollouts=4,num_updates=100,policy_lr_end=0,policy_lr_start=0.0025,q_lr_end=0,q_lr_start=0.0200,saddle_point_optimization=False,seed=1,target_entropy_scale=0.8900,torch_deterministic=True,total_timesteps=1000,track=False,update_epochs=100,update_policy_epochs=300,use_kl_loss=True,use_linear_schedule=False,wandb_entity=TFG,wandb_project_name=QREPS_CartPole-v1",QREPS,1,True,True,False,QREPS_CartPole-v1,TFG,False,LunarLander-v2,1000,100,10000,100,300,4,1,0.99,0.0025,0.02,0,0,8,,0.002,False,0.89,False,True,False,True,0
7edf2b35,-76.34820831088298,1712637967,,True,100,2024-04-09_06-46-07,7.197115898132324,967.2347376346588,45934,Nicolass-iMac.technicolor.net,127.0.0.1,967.2347376346588,100,"148_trial_index=0,alpha=6,anneal_lr=True,autotune=False,beta=0.0100,buffer_size=10000,capture_video=False,cuda=True,env_id=LunarLander-v2,eta=None,exp_name=QREPS,gamma=0.9900,num_envs=1,num_rollouts=4,num_updates=100,policy_lr_end=0,policy_lr_start=0.0025,q_lr_end=0,q_lr_start=0.0200,saddle_point_optimization=False,seed=1,target_entropy_scale=0.8900,torch_deterministic=True,total_timesteps=1000,track=False,update_epochs=100,update_policy_epochs=300,use_kl_loss=True,use_linear_schedule=False,wandb_entity=TFG,wandb_project_name=QREPS_CartPole-v1",QREPS,1,True,True,False,QREPS_CartPole-v1,TFG,False,LunarLander-v2,1000,100,10000,100,300,4,1,0.99,0.0025,0.02,0,0,6,,0.01,False,0.89,False,True,False,True,0
778c8ef3,52.61741147032496,1712638381,,True,100,2024-04-09_06-53-01,8.651726961135864,1378.03124666214,45947,Nicolass-iMac.technicolor.net,127.0.0.1,1378.03124666214,100,"149_trial_index=0,alpha=4,anneal_lr=False,autotune=False,beta=0.1000,buffer_size=10000,capture_video=False,cuda=True,env_id=LunarLander-v2,eta=None,exp_name=QREPS,gamma=0.9900,num_envs=1,num_rollouts=4,num_updates=100,policy_lr_end=0,policy_lr_start=0.0025,q_lr_end=0,q_lr_start=0.0200,saddle_point_optimization=False,seed=1,target_entropy_scale=0.3500,torch_deterministic=True,total_timesteps=1000,track=False,update_epochs=300,update_policy_epochs=300,use_kl_loss=True,use_linear_schedule=False,wandb_entity=TFG,wandb_project_name=QREPS_CartPole-v1",QREPS,1,True,True,False,QREPS_CartPole-v1,TFG,False,LunarLander-v2,1000,100,10000,300,300,4,1,0.99,0.0025,0.02,0,0,4,,0.1,False,0.35,False,False,False,True,0
1b12d5ec,-81.47529833157026,1712642267,,True,100,2024-04-09_07-57-47,24.288896083831787,3302.5601205825806,47619,Nicolass-iMac.technicolor.net,127.0.0.1,3302.5601205825806,100,"150_trial_index=0,alpha=6,anneal_lr=False,autotune=False,beta=0.0000,buffer_size=10000,capture_video=False,cuda=True,env_id=LunarLander-v2,eta=None,exp_name=QREPS,gamma=0.9900,num_envs=1,num_rollouts=8,num_updates=100,policy_lr_end=0,policy_lr_start=0.0025,q_lr_end=0,q_lr_start=0.0200,saddle_point_optimization=False,seed=1,target_entropy_scale=0.8900,torch_deterministic=True,total_timesteps=1000,track=False,update_epochs=300,update_policy_epochs=300,use_kl_loss=True,use_linear_schedule=False,wandb_entity=TFG,wandb_project_name=QREPS_CartPole-v1",QREPS,1,True,True,False,QREPS_CartPole-v1,TFG,False,LunarLander-v2,1000,100,10000,300,300,8,1,0.99,0.0025,0.02,0,0,6,,4e-05,False,0.89,False,False,False,True,0
e2bde070,-52.1946361386532,1712642000,,True,100,2024-04-09_07-53-20,20.556525945663452,3036.7770850658417,47622,Nicolass-iMac.technicolor.net,127.0.0.1,3036.7770850658417,100,"151_trial_index=0,alpha=4,anneal_lr=False,autotune=False,beta=0.1000,buffer_size=10000,capture_video=False,cuda=True,env_id=LunarLander-v2,eta=None,exp_name=QREPS,gamma=0.9900,num_envs=1,num_rollouts=8,num_updates=100,policy_lr_end=0,policy_lr_start=0.0025,q_lr_end=0,q_lr_start=0.0200,saddle_point_optimization=True,seed=1,target_entropy_scale=0.5000,torch_deterministic=True,total_timesteps=1000,track=False,update_epochs=300,update_policy_epochs=300,use_kl_loss=True,use_linear_schedule=False,wandb_entity=TFG,wandb_project_name=QREPS_CartPole-v1",QREPS,1,True,True,False,QREPS_CartPole-v1,TFG,False,LunarLander-v2,1000,100,10000,300,300,8,1,0.99,0.0025,0.02,0,0,4,,0.1,False,0.5,False,False,True,True,0
e8acc666,-67.28761566648762,1712639746,,True,100,2024-04-09_07-15-46,11.646436929702759,778.7636041641235,47623,Nicolass-iMac.technicolor.net,127.0.0.1,778.7636041641235,100,"152_trial_index=0,alpha=4,anneal_lr=True,autotune=False,beta=0.0020,buffer_size=10000,capture_video=False,cuda=True,env_id=LunarLander-v2,eta=None,exp_name=QREPS,gamma=0.9900,num_envs=1,num_rollouts=4,num_updates=100,policy_lr_end=0,policy_lr_start=0.0025,q_lr_end=0,q_lr_start=0.0200,saddle_point_optimization=False,seed=1,target_entropy_scale=0.3500,torch_deterministic=True,total_timesteps=1000,track=False,update_epochs=100,update_policy_epochs=300,use_kl_loss=True,use_linear_schedule=False,wandb_entity=TFG,wandb_project_name=QREPS_CartPole-v1",QREPS,1,True,True,False,QREPS_CartPole-v1,TFG,False,LunarLander-v2,1000,100,10000,100,300,4,1,0.99,0.0025,0.02,0,0,4,,0.002,False,0.35,False,True,False,True,0
42c3b25f,100.61840493825454,1712641358,,True,100,2024-04-09_07-42-38,35.6050009727478,2387.544597387314,47627,Nicolass-iMac.technicolor.net,127.0.0.1,2387.544597387314,100,"153_trial_index=0,alpha=8,anneal_lr=False,autotune=False,beta=0.0020,buffer_size=10000,capture_video=False,cuda=True,env_id=LunarLander-v2,eta=None,exp_name=QREPS,gamma=0.9900,num_envs=1,num_rollouts=8,num_updates=100,policy_lr_end=0,policy_lr_start=0.0025,q_lr_end=0,q_lr_start=0.0200,saddle_point_optimization=False,seed=1,target_entropy_scale=0.5000,torch_deterministic=True,total_timesteps=1000,track=False,update_epochs=300,update_policy_epochs=300,use_kl_loss=True,use_linear_schedule=False,wandb_entity=TFG,wandb_project_name=QREPS_CartPole-v1",QREPS,1,True,True,False,QREPS_CartPole-v1,TFG,False,LunarLander-v2,1000,100,10000,300,300,8,1,0.99,0.0025,0.02,0,0,8,,0.002,False,0.5,False,False,False,True,0
a0be9751,-128.64452617859627,1712641928,,True,100,2024-04-09_07-52-08,22.992907762527466,2955.5986964702606,47630,Nicolass-iMac.technicolor.net,127.0.0.1,2955.5986964702606,100,"154_trial_index=0,alpha=4,anneal_lr=False,autotune=False,beta=0.1000,buffer_size=10000,capture_video=False,cuda=True,env_id=LunarLander-v2,eta=None,exp_name=QREPS,gamma=0.9900,num_envs=1,num_rollouts=8,num_updates=100,policy_lr_end=0,policy_lr_start=0.0025,q_lr_end=0,q_lr_start=0.0200,saddle_point_optimization=False,seed=1,target_entropy_scale=0.8900,torch_deterministic=True,total_timesteps=1000,track=False,update_epochs=300,update_policy_epochs=450,use_kl_loss=True,use_linear_schedule=False,wandb_entity=TFG,wandb_project_name=QREPS_CartPole-v1",QREPS,1,True,True,False,QREPS_CartPole-v1,TFG,False,LunarLander-v2,1000,100,10000,300,450,8,1,0.99,0.0025,0.02,0,0,4,,0.1,False,0.89,False,False,False,True,0
3a6d433c,65.85496342815458,1712641054,,True,100,2024-04-09_07-37-34,31.05207920074463,2078.3043015003204,47631,Nicolass-iMac.technicolor.net,127.0.0.1,2078.3043015003204,100,"155_trial_index=0,alpha=8,anneal_lr=False,autotune=False,beta=0.1000,buffer_size=10000,capture_video=False,cuda=True,env_id=LunarLander-v2,eta=None,exp_name=QREPS,gamma=0.9900,num_envs=1,num_rollouts=4,num_updates=100,policy_lr_end=0,policy_lr_start=0.0025,q_lr_end=0,q_lr_start=0.0200,saddle_point_optimization=False,seed=1,target_entropy_scale=0.8900,torch_deterministic=True,total_timesteps=1000,track=False,update_epochs=300,update_policy_epochs=300,use_kl_loss=True,use_linear_schedule=False,wandb_entity=TFG,wandb_project_name=QREPS_CartPole-v1",QREPS,1,True,True,False,QREPS_CartPole-v1,TFG,False,LunarLander-v2,1000,100,10000,300,300,4,1,0.99,0.0025,0.02,0,0,8,,0.1,False,0.89,False,False,False,True,0
ccd88149,-78.51994304881656,1712641303,,True,100,2024-04-09_07-41-43,17.3692307472229,2325.0563158988953,47634,Nicolass-iMac.technicolor.net,127.0.0.1,2325.0563158988953,100,"156_trial_index=0,alpha=4,anneal_lr=False,autotune=False,beta=0.1000,buffer_size=10000,capture_video=False,cuda=True,env_id=LunarLander-v2,eta=None,exp_name=QREPS,gamma=0.9900,num_envs=1,num_rollouts=4,num_updates=100,policy_lr_end=0,policy_lr_start=0.0025,q_lr_end=0,q_lr_start=0.0200,saddle_point_optimization=True,seed=1,target_entropy_scale=0.8900,torch_deterministic=True,total_timesteps=1000,track=False,update_epochs=300,update_policy_epochs=450,use_kl_loss=True,use_linear_schedule=False,wandb_entity=TFG,wandb_project_name=QREPS_CartPole-v1",QREPS,1,True,True,False,QREPS_CartPole-v1,TFG,False,LunarLander-v2,1000,100,10000,300,450,4,1,0.99,0.0025,0.02,0,0,4,,0.1,False,0.89,False,False,True,True,0
5da18709,-123.47289567266633,1712639582,,True,100,2024-04-09_07-13-02,4.678934812545776,601.2136507034302,47636,Nicolass-iMac.technicolor.net,127.0.0.1,601.2136507034302,100,"157_trial_index=0,alpha=6,anneal_lr=False,autotune=True,beta=0.0100,buffer_size=10000,capture_video=False,cuda=True,env_id=LunarLander-v2,eta=None,exp_name=QREPS,gamma=0.9900,num_envs=1,num_rollouts=8,num_updates=100,policy_lr_end=0,policy_lr_start=0.0200,q_lr_end=0,q_lr_start=0.0025,saddle_point_optimization=False,seed=1,target_entropy_scale=0.8900,torch_deterministic=True,total_timesteps=1000,track=False,update_epochs=5,update_policy_epochs=450,use_kl_loss=False,use_linear_schedule=False,wandb_entity=TFG,wandb_project_name=QREPS_CartPole-v1",QREPS,1,True,True,False,QREPS_CartPole-v1,TFG,False,LunarLander-v2,1000,100,10000,5,450,8,1,0.99,0.02,0.0025,0,0,6,,0.01,True,0.89,False,False,False,False,0
aac5c63e,52.61741147032496,1712643864,,True,100,2024-04-09_08-24-24,11.535492897033691,1592.5253343582153,50758,Nicolass-iMac.technicolor.net,127.0.0.1,1592.5253343582153,100,"158_trial_index=0,alpha=4,anneal_lr=False,autotune=False,beta=0.1000,buffer_size=10000,capture_video=False,cuda=True,env_id=LunarLander-v2,eta=None,exp_name=QREPS,gamma=0.9900,num_envs=1,num_rollouts=4,num_updates=100,policy_lr_end=0,policy_lr_start=0.0025,q_lr_end=0,q_lr_start=0.0200,saddle_point_optimization=False,seed=1,target_entropy_scale=0.5000,torch_deterministic=True,total_timesteps=1000,track=False,update_epochs=300,update_policy_epochs=300,use_kl_loss=True,use_linear_schedule=False,wandb_entity=TFG,wandb_project_name=QREPS_CartPole-v1",QREPS,1,True,True,False,QREPS_CartPole-v1,TFG,False,LunarLander-v2,1000,100,10000,300,300,4,1,0.99,0.0025,0.02,0,0,4,,0.1,False,0.5,False,False,False,True,0
7f30ce57,-51.88456866481464,1712642478,,True,100,2024-04-09_08-01-18,1.9840457439422607,203.25122213363647,50761,Nicolass-iMac.technicolor.net,127.0.0.1,203.25122213363647,100,"159_trial_index=0,alpha=6,anneal_lr=False,autotune=True,beta=0.0020,buffer_size=10000,capture_video=False,cuda=True,env_id=LunarLander-v2,eta=None,exp_name=QREPS,gamma=0.9900,num_envs=1,num_rollouts=4,num_updates=100,policy_lr_end=0,policy_lr_start=0.0200,q_lr_end=0,q_lr_start=0.0200,saddle_point_optimization=True,seed=1,target_entropy_scale=0.3500,torch_deterministic=True,total_timesteps=1000,track=False,update_epochs=5,update_policy_epochs=300,use_kl_loss=False,use_linear_schedule=False,wandb_entity=TFG,wandb_project_name=QREPS_CartPole-v1",QREPS,1,True,True,False,QREPS_CartPole-v1,TFG,False,LunarLander-v2,1000,100,10000,5,300,4,1,0.99,0.02,0.02,0,0,6,,0.002,True,0.35,False,False,True,False,0
e11bdcb4,65.85496342815458,1712644196,,True,100,2024-04-09_08-29-56,24.456905841827393,1921.9053180217743,50762,Nicolass-iMac.technicolor.net,127.0.0.1,1921.9053180217743,100,"160_trial_index=0,alpha=8,anneal_lr=False,autotune=False,beta=0.0020,buffer_size=10000,capture_video=False,cuda=True,env_id=LunarLander-v2,eta=None,exp_name=QREPS,gamma=0.9900,num_envs=1,num_rollouts=4,num_updates=100,policy_lr_end=0,policy_lr_start=0.0025,q_lr_end=0,q_lr_start=0.0200,saddle_point_optimization=False,seed=1,target_entropy_scale=0.5000,torch_deterministic=True,total_timesteps=1000,track=False,update_epochs=300,update_policy_epochs=300,use_kl_loss=True,use_linear_schedule=False,wandb_entity=TFG,wandb_project_name=QREPS_CartPole-v1",QREPS,1,True,True,False,QREPS_CartPole-v1,TFG,False,LunarLander-v2,1000,100,10000,300,300,4,1,0.99,0.0025,0.02,0,0,8,,0.002,False,0.5,False,False,False,True,0
0a494162,-175.0692511872873,1712643569,,True,100,2024-04-09_08-19-29,13.171962261199951,1289.3784115314484,50766,Nicolass-iMac.technicolor.net,127.0.0.1,1289.3784115314484,100,"161_trial_index=0,alpha=6,anneal_lr=True,autotune=False,beta=0.0000,buffer_size=10000,capture_video=False,cuda=True,env_id=LunarLander-v2,eta=None,exp_name=QREPS,gamma=0.9900,num_envs=1,num_rollouts=8,num_updates=100,policy_lr_end=0,policy_lr_start=0.0025,q_lr_end=0,q_lr_start=0.0200,saddle_point_optimization=True,seed=1,target_entropy_scale=0.3500,torch_deterministic=True,total_timesteps=1000,track=False,update_epochs=300,update_policy_epochs=300,use_kl_loss=False,use_linear_schedule=False,wandb_entity=TFG,wandb_project_name=QREPS_CartPole-v1",QREPS,1,True,True,False,QREPS_CartPole-v1,TFG,False,LunarLander-v2,1000,100,10000,300,300,8,1,0.99,0.0025,0.02,0,0,6,,4e-05,False,0.35,False,True,True,False,0
c410bf6b,-62.57918641197455,1712644368,,True,100,2024-04-09_08-32-48,22.940090894699097,2087.2155978679657,50767,Nicolass-iMac.technicolor.net,127.0.0.1,2087.2155978679657,100,"162_trial_index=0,alpha=8,anneal_lr=True,autotune=False,beta=0.0100,buffer_size=10000,capture_video=False,cuda=True,env_id=LunarLander-v2,eta=None,exp_name=QREPS,gamma=0.9900,num_envs=1,num_rollouts=8,num_updates=100,policy_lr_end=0,policy_lr_start=0.0025,q_lr_end=0,q_lr_start=0.0200,saddle_point_optimization=False,seed=1,target_entropy_scale=0.3500,torch_deterministic=True,total_timesteps=1000,track=False,update_epochs=300,update_policy_epochs=300,use_kl_loss=True,use_linear_schedule=False,wandb_entity=TFG,wandb_project_name=QREPS_CartPole-v1",QREPS,1,True,True,False,QREPS_CartPole-v1,TFG,False,LunarLander-v2,1000,100,10000,300,300,8,1,0.99,0.0025,0.02,0,0,8,,0.01,False,0.35,False,True,False,True,0
a8c392ca,-95.4150766107558,1712643722,,True,100,2024-04-09_08-22-02,25.772676706314087,1437.6939344406128,50770,Nicolass-iMac.technicolor.net,127.0.0.1,1437.6939344406128,100,"163_trial_index=0,alpha=6,anneal_lr=False,autotune=False,beta=0.0100,buffer_size=10000,capture_video=False,cuda=True,env_id=LunarLander-v2,eta=None,exp_name=QREPS,gamma=0.9900,num_envs=1,num_rollouts=4,num_updates=100,policy_lr_end=0,policy_lr_start=0.0025,q_lr_end=0,q_lr_start=0.0200,saddle_point_optimization=False,seed=1,target_entropy_scale=0.3500,torch_deterministic=True,total_timesteps=1000,track=False,update_epochs=300,update_policy_epochs=300,use_kl_loss=True,use_linear_schedule=False,wandb_entity=TFG,wandb_project_name=QREPS_CartPole-v1",QREPS,1,True,True,False,QREPS_CartPole-v1,TFG,False,LunarLander-v2,1000,100,10000,300,300,4,1,0.99,0.0025,0.02,0,0,6,,0.01,False,0.35,False,False,False,True,0
57e97d38,81.08377036771728,1712644532,,True,100,2024-04-09_08-35-32,27.09430694580078,2245.250781774521,50773,Nicolass-iMac.technicolor.net,127.0.0.1,2245.250781774521,100,"164_trial_index=0,alpha=8,anneal_lr=True,autotune=False,beta=0.0000,buffer_size=10000,capture_video=False,cuda=True,env_id=LunarLander-v2,eta=None,exp_name=QREPS,gamma=0.9900,num_envs=1,num_rollouts=6,num_updates=100,policy_lr_end=0,policy_lr_start=0.0025,q_lr_end=0,q_lr_start=0.0200,saddle_point_optimization=False,seed=1,target_entropy_scale=0.2000,torch_deterministic=True,total_timesteps=1000,track=False,update_epochs=300,update_policy_epochs=300,use_kl_loss=True,use_linear_schedule=False,wandb_entity=TFG,wandb_project_name=QREPS_CartPole-v1",QREPS,1,True,True,False,QREPS_CartPole-v1,TFG,False,LunarLander-v2,1000,100,10000,300,300,6,1,0.99,0.0025,0.02,0,0,8,,4e-05,False,0.2,False,True,False,True,0
75456fd0,-201.03348205667024,1712644236,,True,100,2024-04-09_08-30-36,24.186813354492188,1946.642904996872,50777,Nicolass-iMac.technicolor.net,127.0.0.1,1946.642904996872,100,"165_trial_index=0,alpha=8,anneal_lr=False,autotune=False,beta=0.0100,buffer_size=10000,capture_video=False,cuda=True,env_id=LunarLander-v2,eta=None,exp_name=QREPS,gamma=0.9900,num_envs=1,num_rollouts=8,num_updates=100,policy_lr_end=0,policy_lr_start=0.0025,q_lr_end=0,q_lr_start=0.0025,saddle_point_optimization=False,seed=1,target_entropy_scale=0.8900,torch_deterministic=True,total_timesteps=1000,track=False,update_epochs=300,update_policy_epochs=300,use_kl_loss=True,use_linear_schedule=False,wandb_entity=TFG,wandb_project_name=QREPS_CartPole-v1",QREPS,1,True,True,False,QREPS_CartPole-v1,TFG,False,LunarLander-v2,1000,100,10000,300,300,8,1,0.99,0.0025,0.0025,0,0,8,,0.01,False,0.89,False,False,False,True,0
175aa902,-276.81598323508683,1712645105,,True,100,2024-04-09_08-45-05,12.557565212249756,566.5953624248505,52693,Nicolass-iMac.technicolor.net,127.0.0.1,566.5953624248505,100,"166_trial_index=0,alpha=8,anneal_lr=False,autotune=True,beta=0.0100,buffer_size=10000,capture_video=False,cuda=True,env_id=LunarLander-v2,eta=None,exp_name=QREPS,gamma=0.9900,num_envs=1,num_rollouts=4,num_updates=100,policy_lr_end=0,policy_lr_start=0.0025,q_lr_end=0,q_lr_start=0.0025,saddle_point_optimization=False,seed=1,target_entropy_scale=0.8900,torch_deterministic=True,total_timesteps=1000,track=False,update_epochs=300,update_policy_epochs=300,use_kl_loss=True,use_linear_schedule=False,wandb_entity=TFG,wandb_project_name=QREPS_CartPole-v1",QREPS,1,True,True,False,QREPS_CartPole-v1,TFG,False,LunarLander-v2,1000,100,10000,300,300,4,1,0.99,0.0025,0.0025,0,0,8,,0.01,True,0.89,False,False,False,True,0
180a2b62,-415.0854599210533,1712645668,,True,100,2024-04-09_08-54-28,9.401370763778687,1128.5561683177948,52698,Nicolass-iMac.technicolor.net,127.0.0.1,1128.5561683177948,100,"167_trial_index=0,alpha=8,anneal_lr=False,autotune=True,beta=0.0020,buffer_size=10000,capture_video=False,cuda=True,env_id=LunarLander-v2,eta=None,exp_name=QREPS,gamma=0.9900,num_envs=1,num_rollouts=8,num_updates=100,policy_lr_end=0,policy_lr_start=0.0025,q_lr_end=0,q_lr_start=0.0025,saddle_point_optimization=False,seed=1,target_entropy_scale=0.5000,torch_deterministic=True,total_timesteps=1000,track=False,update_epochs=300,update_policy_epochs=300,use_kl_loss=True,use_linear_schedule=False,wandb_entity=TFG,wandb_project_name=QREPS_CartPole-v1",QREPS,1,True,True,False,QREPS_CartPole-v1,TFG,False,LunarLander-v2,1000,100,10000,300,300,8,1,0.99,0.0025,0.0025,0,0,8,,0.002,True,0.5,False,False,False,True,0
ac682c14,-156.89238184898113,1712646960,,True,100,2024-04-09_09-16-00,16.11823797225952,2420.236485719681,52700,Nicolass-iMac.technicolor.net,127.0.0.1,2420.236485719681,100,"168_trial_index=0,alpha=8,anneal_lr=False,autotune=False,beta=0.1000,buffer_size=10000,capture_video=False,cuda=True,env_id=LunarLander-v2,eta=None,exp_name=QREPS,gamma=0.9900,num_envs=1,num_rollouts=4,num_updates=100,policy_lr_end=0,policy_lr_start=0.0025,q_lr_end=0,q_lr_start=0.0025,saddle_point_optimization=True,seed=1,target_entropy_scale=0.8900,torch_deterministic=True,total_timesteps=1000,track=False,update_epochs=300,update_policy_epochs=300,use_kl_loss=True,use_linear_schedule=False,wandb_entity=TFG,wandb_project_name=QREPS_CartPole-v1",QREPS,1,True,True,False,QREPS_CartPole-v1,TFG,False,LunarLander-v2,1000,100,10000,300,300,4,1,0.99,0.0025,0.0025,0,0,8,,0.1,False,0.89,False,False,True,True,0
642c918e,-103.72664287142405,1712649213,,True,100,2024-04-09_09-53-33,38.31764769554138,4668.092370033264,52705,Nicolass-iMac.technicolor.net,127.0.0.1,4668.092370033264,100,"169_trial_index=0,alpha=4,anneal_lr=False,autotune=True,beta=0.0000,buffer_size=10000,capture_video=False,cuda=True,env_id=LunarLander-v2,eta=None,exp_name=QREPS,gamma=0.9900,num_envs=1,num_rollouts=8,num_updates=100,policy_lr_end=0,policy_lr_start=0.0025,q_lr_end=0,q_lr_start=0.0200,saddle_point_optimization=False,seed=1,target_entropy_scale=0.2000,torch_deterministic=True,total_timesteps=1000,track=False,update_epochs=300,update_policy_epochs=300,use_kl_loss=True,use_linear_schedule=False,wandb_entity=TFG,wandb_project_name=QREPS_CartPole-v1",QREPS,1,True,True,False,QREPS_CartPole-v1,TFG,False,LunarLander-v2,1000,100,10000,300,300,8,1,0.99,0.0025,0.02,0,0,4,,4e-05,True,0.2,False,False,False,True,0
dc95074a,-44.12566054817387,1712646741,,True,100,2024-04-09_09-12-21,20.076244115829468,2193.163671731949,52710,Nicolass-iMac.technicolor.net,127.0.0.1,2193.163671731949,100,"170_trial_index=0,alpha=4,anneal_lr=True,autotune=False,beta=0.1000,buffer_size=10000,capture_video=False,cuda=True,env_id=LunarLander-v2,eta=None,exp_name=QREPS,gamma=0.9900,num_envs=1,num_rollouts=6,num_updates=100,policy_lr_end=0,policy_lr_start=0.0025,q_lr_end=0,q_lr_start=0.0200,saddle_point_optimization=False,seed=1,target_entropy_scale=0.8900,torch_deterministic=True,total_timesteps=1000,track=False,update_epochs=300,update_policy_epochs=450,use_kl_loss=True,use_linear_schedule=False,wandb_entity=TFG,wandb_project_name=QREPS_CartPole-v1",QREPS,1,True,True,False,QREPS_CartPole-v1,TFG,False,LunarLander-v2,1000,100,10000,300,450,6,1,0.99,0.0025,0.02,0,0,4,,0.1,False,0.89,False,True,False,True,0
bcb28e8e,-37.965996050588956,1712648191,,True,100,2024-04-09_09-36-31,15.446120977401733,3640.7004482746124,52713,Nicolass-iMac.technicolor.net,127.0.0.1,3640.7004482746124,100,"171_trial_index=0,alpha=6,anneal_lr=True,autotune=False,beta=0.0020,buffer_size=10000,capture_video=False,cuda=True,env_id=LunarLander-v2,eta=None,exp_name=QREPS,gamma=0.9900,num_envs=1,num_rollouts=8,num_updates=100,policy_lr_end=0,policy_lr_start=0.0025,q_lr_end=0,q_lr_start=0.0200,saddle_point_optimization=False,seed=1,target_entropy_scale=0.3500,torch_deterministic=True,total_timesteps=1000,track=False,update_epochs=300,update_policy_epochs=300,use_kl_loss=True,use_linear_schedule=False,wandb_entity=TFG,wandb_project_name=QREPS_CartPole-v1",QREPS,1,True,True,False,QREPS_CartPole-v1,TFG,False,LunarLander-v2,1000,100,10000,300,300,8,1,0.99,0.0025,0.02,0,0,6,,0.002,False,0.35,False,True,False,True,0
50b41f34,-9.252115973710286,1712647277,,True,100,2024-04-09_09-21-17,23.262998819351196,2723.398201227188,52718,Nicolass-iMac.technicolor.net,127.0.0.1,2723.398201227188,100,"172_trial_index=0,alpha=4,anneal_lr=False,autotune=False,beta=0.0100,buffer_size=10000,capture_video=False,cuda=True,env_id=LunarLander-v2,eta=None,exp_name=QREPS,gamma=0.9900,num_envs=1,num_rollouts=8,num_updates=100,policy_lr_end=0,policy_lr_start=0.0025,q_lr_end=0,q_lr_start=0.0200,saddle_point_optimization=False,seed=1,target_entropy_scale=0.5000,torch_deterministic=True,total_timesteps=1000,track=False,update_epochs=300,update_policy_epochs=300,use_kl_loss=True,use_linear_schedule=False,wandb_entity=TFG,wandb_project_name=QREPS_CartPole-v1",QREPS,1,True,True,False,QREPS_CartPole-v1,TFG,False,LunarLander-v2,1000,100,10000,300,300,8,1,0.99,0.0025,0.02,0,0,4,,0.01,False,0.5,False,False,False,True,0
0c189515,-69.08361667452878,1712646920,,True,100,2024-04-09_09-15-20,42.36186385154724,2362.6412642002106,52719,Nicolass-iMac.technicolor.net,127.0.0.1,2362.6412642002106,100,"173_trial_index=0,alpha=4,anneal_lr=False,autotune=False,beta=0.0000,buffer_size=10000,capture_video=False,cuda=True,env_id=LunarLander-v2,eta=None,exp_name=QREPS,gamma=0.9900,num_envs=1,num_rollouts=6,num_updates=100,policy_lr_end=0,policy_lr_start=0.0025,q_lr_end=0,q_lr_start=0.0200,saddle_point_optimization=False,seed=1,target_entropy_scale=0.2000,torch_deterministic=True,total_timesteps=1000,track=False,update_epochs=300,update_policy_epochs=300,use_kl_loss=True,use_linear_schedule=False,wandb_entity=TFG,wandb_project_name=QREPS_CartPole-v1",QREPS,1,True,True,False,QREPS_CartPole-v1,TFG,False,LunarLander-v2,1000,100,10000,300,300,6,1,0.99,0.0025,0.02,0,0,4,,4e-05,False,0.2,False,False,False,True,0
bcdbe511,-37.965996050588956,1712652955,,True,100,2024-04-09_10-55-55,15.488324165344238,3735.2825152873993,58044,Nicolass-iMac.technicolor.net,127.0.0.1,3735.2825152873993,100,"174_trial_index=0,alpha=6,anneal_lr=True,autotune=False,beta=0.1000,buffer_size=10000,capture_video=False,cuda=True,env_id=LunarLander-v2,eta=None,exp_name=QREPS,gamma=0.9900,num_envs=1,num_rollouts=8,num_updates=100,policy_lr_end=0,policy_lr_start=0.0025,q_lr_end=0,q_lr_start=0.0200,saddle_point_optimization=False,seed=1,target_entropy_scale=0.8900,torch_deterministic=True,total_timesteps=1000,track=False,update_epochs=300,update_policy_epochs=300,use_kl_loss=True,use_linear_schedule=False,wandb_entity=TFG,wandb_project_name=QREPS_CartPole-v1",QREPS,1,True,True,False,QREPS_CartPole-v1,TFG,False,LunarLander-v2,1000,100,10000,300,300,8,1,0.99,0.0025,0.02,0,0,6,,0.1,False,0.89,False,True,False,True,0
83865a60,-82.38340875045027,1712652785,,True,100,2024-04-09_10-53-05,25.91894006729126,3564.6829788684845,58048,Nicolass-iMac.technicolor.net,127.0.0.1,3564.6829788684845,100,"175_trial_index=0,alpha=4,anneal_lr=False,autotune=True,beta=0.1000,buffer_size=10000,capture_video=False,cuda=True,env_id=LunarLander-v2,eta=None,exp_name=QREPS,gamma=0.9900,num_envs=1,num_rollouts=8,num_updates=100,policy_lr_end=0,policy_lr_start=0.0025,q_lr_end=0,q_lr_start=0.0200,saddle_point_optimization=False,seed=1,target_entropy_scale=0.5000,torch_deterministic=True,total_timesteps=1000,track=False,update_epochs=300,update_policy_epochs=300,use_kl_loss=True,use_linear_schedule=False,wandb_entity=TFG,wandb_project_name=QREPS_CartPole-v1",QREPS,1,True,True,False,QREPS_CartPole-v1,TFG,False,LunarLander-v2,1000,100,10000,300,300,8,1,0.99,0.0025,0.02,0,0,4,,0.1,True,0.5,False,False,False,True,0
93427fc2,-26.87580572518867,1712653724,,False,95,2024-04-09_11-08-44,39.7127411365509,4503.528570890427,58055,Nicolass-iMac.technicolor.net,127.0.0.1,4503.528570890427,95,"176_trial_index=0,alpha=4,anneal_lr=False,autotune=True,beta=0.0100,buffer_size=10000,capture_video=False,cuda=True,env_id=LunarLander-v2,eta=None,exp_name=QREPS,gamma=0.9900,num_envs=1,num_rollouts=8,num_updates=100,policy_lr_end=0,policy_lr_start=0.0025,q_lr_end=0,q_lr_start=0.0200,saddle_point_optimization=False,seed=1,target_entropy_scale=0.2000,torch_deterministic=True,total_timesteps=1000,track=False,update_epochs=300,update_policy_epochs=300,use_kl_loss=True,use_linear_schedule=False,wandb_entity=TFG,wandb_project_name=QREPS_CartPole-v1",QREPS,1,True,True,False,QREPS_CartPole-v1,TFG,False,LunarLander-v2,1000,100,10000,300,300,8,1,0.99,0.0025,0.02,0,0,4,,0.01,True,0.2,False,False,False,True,0
602e81d8,-104.07928518668864,1712649718,,True,100,2024-04-09_10-01-58,4.513526678085327,489.9197256565094,58065,Nicolass-iMac.technicolor.net,127.0.0.1,489.9197256565094,100,"177_trial_index=0,alpha=6,anneal_lr=False,autotune=False,beta=0.0100,buffer_size=10000,capture_video=False,cuda=True,env_id=LunarLander-v2,eta=None,exp_name=QREPS,gamma=0.9900,num_envs=1,num_rollouts=6,num_updates=100,policy_lr_end=0,policy_lr_start=0.0200,q_lr_end=0,q_lr_start=0.0025,saddle_point_optimization=True,seed=1,target_entropy_scale=0.2000,torch_deterministic=True,total_timesteps=1000,track=False,update_epochs=100,update_policy_epochs=300,use_kl_loss=False,use_linear_schedule=False,wandb_entity=TFG,wandb_project_name=QREPS_CartPole-v1",QREPS,1,True,True,False,QREPS_CartPole-v1,TFG,False,LunarLander-v2,1000,100,10000,100,300,6,1,0.99,0.02,0.0025,0,0,6,,0.01,False,0.2,False,False,True,False,0
232d9c77,-33.11968197993026,1712651117,,True,100,2024-04-09_10-25-17,22.716031074523926,1886.3244614601135,58069,Nicolass-iMac.technicolor.net,127.0.0.1,1886.3244614601135,100,"178_trial_index=0,alpha=8,anneal_lr=True,autotune=False,beta=0.0100,buffer_size=10000,capture_video=False,cuda=True,env_id=LunarLander-v2,eta=None,exp_name=QREPS,gamma=0.9900,num_envs=1,num_rollouts=4,num_updates=100,policy_lr_end=0,policy_lr_start=0.0025,q_lr_end=0,q_lr_start=0.0200,saddle_point_optimization=False,seed=1,target_entropy_scale=0.2000,torch_deterministic=True,total_timesteps=1000,track=False,update_epochs=300,update_policy_epochs=300,use_kl_loss=True,use_linear_schedule=False,wandb_entity=TFG,wandb_project_name=QREPS_CartPole-v1",QREPS,1,True,True,False,QREPS_CartPole-v1,TFG,False,LunarLander-v2,1000,100,10000,300,300,4,1,0.99,0.0025,0.02,0,0,8,,0.01,False,0.2,False,True,False,True,0
8ad157c6,-33.11968197993026,1712651100,,True,100,2024-04-09_10-25-00,24.491050958633423,1866.2898535728455,58073,Nicolass-iMac.technicolor.net,127.0.0.1,1866.2898535728455,100,"179_trial_index=0,alpha=8,anneal_lr=True,autotune=False,beta=0.0020,buffer_size=10000,capture_video=False,cuda=True,env_id=LunarLander-v2,eta=None,exp_name=QREPS,gamma=0.9900,num_envs=1,num_rollouts=4,num_updates=100,policy_lr_end=0,policy_lr_start=0.0025,q_lr_end=0,q_lr_start=0.0200,saddle_point_optimization=False,seed=1,target_entropy_scale=0.2000,torch_deterministic=True,total_timesteps=1000,track=False,update_epochs=300,update_policy_epochs=300,use_kl_loss=True,use_linear_schedule=False,wandb_entity=TFG,wandb_project_name=QREPS_CartPole-v1",QREPS,1,True,True,False,QREPS_CartPole-v1,TFG,False,LunarLander-v2,1000,100,10000,300,300,4,1,0.99,0.0025,0.02,0,0,8,,0.002,False,0.2,False,True,False,True,0
a26aa1d0,89.23988785906118,1712652341,,True,100,2024-04-09_10-45-41,50.02755904197693,3104.397157430649,58079,Nicolass-iMac.technicolor.net,127.0.0.1,3104.397157430649,100,"180_trial_index=0,alpha=8,anneal_lr=False,autotune=False,beta=0.0100,buffer_size=10000,capture_video=False,cuda=True,env_id=LunarLander-v2,eta=None,exp_name=QREPS,gamma=0.9900,num_envs=1,num_rollouts=6,num_updates=100,policy_lr_end=0,policy_lr_start=0.0025,q_lr_end=0,q_lr_start=0.0200,saddle_point_optimization=False,seed=1,target_entropy_scale=0.8900,torch_deterministic=True,total_timesteps=1000,track=False,update_epochs=300,update_policy_epochs=300,use_kl_loss=True,use_linear_schedule=False,wandb_entity=TFG,wandb_project_name=QREPS_CartPole-v1",QREPS,1,True,True,False,QREPS_CartPole-v1,TFG,False,LunarLander-v2,1000,100,10000,300,300,6,1,0.99,0.0025,0.02,0,0,8,,0.01,False,0.89,False,False,False,True,0
553bd4f4,42.64515765771181,1712651122,,True,100,2024-04-09_10-25-22,21.293885946273804,1882.0978021621704,58085,Nicolass-iMac.technicolor.net,127.0.0.1,1882.0978021621704,100,"181_trial_index=0,alpha=6,anneal_lr=True,autotune=False,beta=0.0100,buffer_size=10000,capture_video=False,cuda=True,env_id=LunarLander-v2,eta=None,exp_name=QREPS,gamma=0.9900,num_envs=1,num_rollouts=4,num_updates=100,policy_lr_end=0,policy_lr_start=0.0025,q_lr_end=0,q_lr_start=0.0200,saddle_point_optimization=True,seed=1,target_entropy_scale=0.3500,torch_deterministic=True,total_timesteps=1000,track=False,update_epochs=300,update_policy_epochs=300,use_kl_loss=True,use_linear_schedule=False,wandb_entity=TFG,wandb_project_name=QREPS_CartPole-v1",QREPS,1,True,True,False,QREPS_CartPole-v1,TFG,False,LunarLander-v2,1000,100,10000,300,300,4,1,0.99,0.0025,0.02,0,0,6,,0.01,False,0.35,False,True,True,True,0
